insert into [slugDtB].[dbo].[Cities](Title, CitiesCode, CountryCode, Language)
values
(N'Барановичи',163, 375, 2),
(N'Белыничи',2232, 375, 2),
(N'Береза',1643, 375, 2),
(N'Березино',1715, 375, 2),
(N'Берестовица',1511, 375, 2),
(N'Бешенковичи',2131, 375, 2),
(N'Бобруйск',2251, 375, 2),
(N'Бобруйск',225, 375, 2),
(N'Борисов',177, 375, 2),
(N'Брагин',2344, 375, 2),
(N'Браслав',2153, 375, 2),
(N'Брест',162, 375, 2),
(N'Буда-Кошелево',2336, 375, 2),
(N'Быхов',2231, 375, 2),
(N'Верхнедвинск',2151, 375, 2),
(N'Ветка',2330, 375, 2),
(N'Вилейка',1771, 375, 2),
(N'Витебск',212, 375, 2),
(N'Волковыск',1512, 375, 2),
(N'Воложин',1772, 375, 2),
(N'Вороново',1594, 375, 2),
(N'Ганцевичи',1646, 375, 2),
(N'Глубокое',2156, 375, 2),
(N'Глуск',2230, 375, 2),
(N'Гомель',2322, 375, 2),
(N'Горки',2233, 375, 2),
(N'Городок',2139, 375, 2),
(N'Гродно',1522, 375, 2),
(N'Дзержинск',1716, 375, 2),
(N'Добруш',2333, 375, 2),
(N'Докшицы',2157, 375, 2),
(N'Дрибин',2248, 375, 2),
(N'Дрогичин',1644, 375, 2),
(N'Дубровно',2137, 375, 2),
(N'Дятлово',1563, 375, 2),
(N'Ельск',2354, 375, 2),
(N'Жабинка',1641, 375, 2),
(N'Житковичи',2353, 375, 2),
(N'Жлобин',2334, 375, 2),
(N'Жодино',1775, 375, 2),
(N'Зельва',1564, 375, 2),
(N'Иваново',1652, 375, 2),
(N'Иванцевичи',1645, 375, 2),
(N'Ивье',1595, 375, 2),
(N'Калинковичи',2345, 375, 2),
(N'Каменец',1631, 375, 2),
(N'Кировск',2237, 375, 2),
(N'Клецк',1793, 375, 2),
(N'Климовичи',2244, 375, 2),
(N'Кличев',2236, 375, 2),
(N'Кобрин',1642, 375, 2),
(N'Копыль',1719, 375, 2),
(N'Кореличи',1596, 375, 2),
(N'Корма',2337, 375, 2),
(N'Костюковичи',2245, 375, 2),
(N'Краснополье',2238, 375, 2),
(N'Кричев',2241, 375, 2),
(N'Круглое',2234, 375, 2),
(N'Крупки',1796, 375, 2),
(N'Лельчицы',2356, 375, 2),
(N'Лепель',2132, 375, 2),
(N'Лида',1561, 375, 2),
(N'Лиозно',2138, 375, 2),
(N'Логойск',1774, 375, 2),
(N'Лоев',2347, 375, 2),
(N'Лунинец',1647, 375, 2),
(N'Любань',1794, 375, 2),
(N'Ляховичи',1633, 375, 2),
(N'Малорита',1651, 375, 2),
(N'Марьина Горка',1713, 375, 2),
(N'Минск',17, 375, 2),
(N'Минск',17, 375, 2),
(N'Миоры',2152, 375, 2),
(N'Могилев',222, 375, 2),
(N'Мозырь',2351, 375, 2),
(N'Молодечно',1773, 375, 2),
(N'Мосты',1515, 375, 2),
(N'Мстиславль',2240, 375, 2),
(N'Мядель',1797, 375, 2),
(N'Наровля',2355, 375, 2),
(N'Нарочь',1797, 375, 2),
(N'Несвиж',1770, 375, 2),
(N'Новогрудок',1597, 375, 2),
(N'Новополоцк',214, 375, 2),
(N'Октябрьский',2357, 375, 2),
(N'Орша',216, 375, 2),
(N'Осиповичи',2235, 375, 2),
(N'Островец',1591, 375, 2),
(N'Ошмяны',1593, 375, 2),
(N'Петриков',2350, 375, 2),
(N'Пинск',165, 375, 2),
(N'Плещеницы',1779, 375, 2),
(N'Полоцк',214, 375, 2),
(N'Поставы',2155, 375, 2),
(N'Пружаны',1632, 375, 2),
(N'Речица',2340, 375, 2),
(N'Рогачев',2339, 375, 2),
(N'Россоны',2159, 375, 2),
(N'Светлогорск',2342, 375, 2),
(N'Свислоч',1513, 375, 2),
(N'Сенно',2135, 375, 2),
(N'Славгород',2246, 375, 2),
(N'Слоним',1562, 375, 2),
(N'Слуцк',1795, 375, 2),
(N'Смолевичи',1776, 375, 2),
(N'Сморгонь',1592, 375, 2),
(N'Солигорск',1710, 375, 2),
(N'Старые Дороги',1792, 375, 2),
(N'Столбцы',1717, 375, 2),
(N'Столин',1655, 375, 2),
(N'Толочин',2136, 375, 2),
(N'Узда',1718, 375, 2),
(N'Ушачи',2158, 375, 2),
(N'Хойники',2346, 375, 2),
(N'Хотимск',2247, 375, 2),
(N'Чаусы',2242, 375, 2),
(N'Чашники',2133, 375, 2),
(N'Червень',1714, 375, 2),
(N'Чериков',2243, 375, 2),
(N'Чечерск',2332, 375, 2),
(N'Шарковщина',2154, 375, 2),
(N'Шклов',2239, 375, 2),
(N'Шумилино',2130, 375, 2),
(N'Щучин',1514, 375, 2)