insert into [slugDtB].[dbo].[Cities](Title, CitiesCode, CountryCode, Language)
values
(N'Абазовка',05761,380,2),
(N'Абрикосовое',04849,380,2),
(N'Августовка',04852,380,2),
(N'Авиаторское',0562,380,2),
(N'Аврамовка',04746,380,2),
(N'Агрономия',05132,380,2),
(N'Адамовка',05654,380,2),
(N'Аджамка',0522,380,2),
(N'Александровск',0642,380,2),
(N'Александровское',06269,380,2),
(N'Александро-Калиново',06272,380,2),
(N'Александрополь',05669,380,2),
(N'Алексеево-Дружковка',06257,380,2),
(N'Алёшки',05542,380,2),
(N'Алмазный',0532,380,2),
(N'Алтыновка',05453,380,2),
(N'Алупка',0654,380,2),
(N'Алушта',06560,380,2),
(N'Алчевск',06442,380,2),
(N'Амвросиевка',06269,380,2),
(N'Ананьев',04863,380,2),
(N'Анатольевка',05153,380,2),
(N'Андреево-Ивановка',04857,380,2),
(N'Андрияшивка',05448,380,2),
(N'Андрушки',04137,380,2),
(N'Анисов',0462,380,2),
(N'Анновка',05658,380,2),
(N'Антиповка',04737,380,2),
(N'Антонины',055,380,2),
(N'Антонов',04468,380,2),
(N'Антрацит',06431,380,2),
(N'Аполлоновка',05669,380,2),
(N'Апостолово',05656,380,2),
(N'Арбузинка',05132,380,2),
(N'Армянск',06565,380,2),
(N'АрхангельскаяСлобода',05536,380,2),
(N'Архангельское',05535,380,2),
(N'Арциз',04845,380,2),
(N'Асеевка',05749,380,2),
(N'Аскания-Нова',05538,380,2),
(N'Астей',03141,380,2),
(N'Атюша',04656,380,2),
(N'Аулы',05654,380,2),
(N'Бабаи',0745,380,2),
(N'Бабайковка',05690,380,2),
(N'Бабанка',04744,380,2),
(N'Бабино',03238,380,2),
(N'Бабинцы',04477,380,2),
(N'Багва',04748,380,2),
(N'Багриновцы',04347,380,2),
(N'Базалия',03844,380,2),
(N'Базилевщина',05364,380,2),
(N'Байбузовка',04865,380,2),
(N'Байбузы',0472,380,2),
(N'Байковцы',0352,380,2),
(N'Байрак',05351,380,2),
(N'Байраки',03740,380,2),
(N'Балабановка',04330,380,2),
(N'Балабино',061,380,2),
(N'Балажер',03141,380,2),
(N'Баландино',04732,380,2),
(N'Балановка',04352,380,2),
(N'Балаховка',05237,380,2),
(N'Балинцы',03476,380,2),
(N'Балки',06175,380,2),
(N'Балковцы',03733,380,2),
(N'Баловное',05167,380,2),
(N'Балта',04866,380,2),
(N'Балясное',05351,380,2),
(N'Бандурка',05161,380,2),
(N'Бандурово',05254,380,2),
(N'Банилов',03730,380,2),
(N'Банилов-Подгорный',03735,380,2),
(N'Баничи',05444,380,2),
(N'Банюнин',03254,380,2),
(N'Бар',04341,380,2),
(N'Барабой',04851,380,2),
(N'Баранинцы',03132,380,2),
(N'Барановка',04144,380,2),
(N'Баратовка',05162,380,2),
(N'Бараши',04149,380,2),
(N'Барвенково',05757,380,2),
(N'Барсуки',03549,380,2),
(N'Барыш',03544,380,2),
(N'Барышевка',04576,380,2),
(N'Батево',03141,380,2),
(N'Батурин',04635,380,2),
(N'Батьков',03266,380,2),
(N'Батятичи',03254,380,2),
(N'Бахмач',04635,380,2),
(N'Бачевск',05444,380,2),
(N'Бачкурино',04746,380,2),
(N'Башмачка',05669,380,2),
(N'Баштанка',05158,380,2),
(N'Баштечки',04747,380,2),
(N'Бегунь',04148,380,2),
(N'Бедевля',03134,380,2),
(N'Беево',05452,380,2),
(N'Безбородьки',04738,380,2),
(N'Безлюдовка',057,380,2),
(N'Безопасная',04747,380,2),
(N'Безруки',05763,380,2),
(N'Безугловка',04595,380,2),
(N'Безыменное',06296,380,2),
(N'Белашки',04731,380,2),
(N'Белашов',03654,380,2),
(N'Белая',0352,380,2),
(N'БелаяКриница',0363,380,2),
(N'БелаяЦерковь',0456,380,2),
(N'Белгород-Днестровский',04849,380,2),
(N'Беленькое',0612,380,2),
(N'Белз',03257,380,2),
(N'Белики',05343,380,2),
(N'Белино',04866,380,2),
(N'Белицкое',06277,380,2),
(N'Белки',03144,380,2),
(N'Белобожница',03552,380,2),
(N'Беловод',0542,380,2),
(N'Беловодск',06466,380,2),
(N'Белогорье',03841,380,2),
(N'Белое',06436,380,2),
(N'Белозёрское',06277,380,2),
(N'Белозорье',0472,380,2),
(N'Белокоровичи',04135,380,2),
(N'Белокриница',03552,380,2),
(N'Белокуракино',06462,380,2),
(N'Белолуцк',06463,380,2),
(N'Белореченский',06436,380,2),
(N'БелосарайскаяКоса',06297,380,2),
(N'Белояровка',06259,380,2),
(N'БелыеОславы',03475,380,2),
(N'БелыйКолодезь',05741,380,2),
(N'Бельск',05350,380,2),
(N'БельскаяВоля',03634,380,2),
(N'Бердичев',04143,380,2),
(N'Бердянск',06153,380,2),
(N'Берегово',03141,380,2),
(N'Берегомет',03730,380,2),
(N'Бережаны',03548,380,2),
(N'Бережница',03245,380,2),
(N'Бережовка',04633,380,2),
(N'Берездов',03842,380,2),
(N'Березино',04847,380,2),
(N'Березки-Чечельницкие',04351,380,2),
(N'Березна',04644,380,2),
(N'Березнеговатое',05168,380,2),
(N'Березнеговатское',05151,380,2),
(N'Березно',03653,380,2),
(N'БерезоваяРудка',05358,380,2),
(N'Березовское',05763,380,2),
(N'Берестечко',03379,380,2),
(N'Берестовенька',05744,380,2),
(N'Берестовец',04744,380,2),
(N'Берёзки',05133,380,2),
(N'Берислав',05546,380,2),
(N'Беркозовка',04736,380,2),
(N'Берлин',03266,380,2),
(N'Берново',03732,380,2),
(N'Бершадь',04352,380,2),
(N'Беседка',04564,380,2),
(N'Беспятное',04571,380,2),
(N'Бехтери',05539,380,2),
(N'Бильмак',06147,380,2),
(N'Бильче',03241,380,2),
(N'Бильче-Золотое',03541,380,2),
(N'Бирюково',06434,380,2),
(N'Благовещенка',06138,380,2),
(N'Благовка',06433,380,2),
(N'Благодаровка',0512,380,2),
(N'Благодатное',03344,380,2),
(N'Блажово',03635,380,2),
(N'Близнюки',05754,380,2),
(N'Блиставица',04577,380,2),
(N'Бобовище',03131,380,2),
(N'Бобовцы',03735,380,2),
(N'Бобрик',04594,380,2),
(N'Бобринец',05257,380,2),
(N'Бобрица',04736,380,2),
(N'Бобрка',03263,380,2),
(N'Бобровица',04632,380,2),
(N'Бовшев',03431,380,2),
(N'БогатаяЧернещина',05762,380,2),
(N'Богатырь',06243,380,2),
(N'Богдан',03132,380,2),
(N'Богдановка',04738,380,2),
(N'Богодухов',05758,380,2),
(N'Богодуховка',04739,380,2),
(N'Богородчаны',03471,380,2),
(N'Богоявленка',06278,380,2),
(N'Богуславка',05759,380,2),
(N'Боевое',06246,380,2),
(N'Божедаровка',05654,380,2),
(N'Бокийма',03659,380,2),
(N'Боковое',05234,380,2),
(N'Болгарка',06137,380,2),
(N'Болград',04846,380,2),
(N'Болехов',03437,380,2),
(N'Болеховцы',03244,380,2),
(N'БольшаяСевастьяновка',04745,380,2),
(N'Большовцы',03431,380,2),
(N'Бондуровка',04351,380,2),
(N'Боратин',0332,380,2),
(N'Боремель',03637,380,2),
(N'Боржавское',03143,380,2),
(N'Борзна',04653,380,2),
(N'Борислав',03248,380,2),
(N'Борисполь',04595,380,2),
(N'Боровица',04730,380,2),
(N'Боровичи',03376,380,2),
(N'Боровое',03632,380,2),
(N'Бородино',04847,380,2),
(N'Бородянка',04577,380,2),
(N'Борозенске',05532,380,2),
(N'Боромля',05458,380,2),
(N'Боронява',03142,380,2),
(N'Бортничи',044,380,2),
(N'Боршна',04637,380,2),
(N'Борщёв',03541,380,2),
(N'Босовка',04749,380,2),
(N'Ботиево',06133,380,2),
(N'Бохоники',0432,380,2),
(N'Бочковцы',03731,380,2),
(N'Бояны',03733,380,2),
(N'Браилов',04332,380,2),
(N'Браница',04632,380,2),
(N'Братковцы',03436,380,2),
(N'Братское',05131,380,2),
(N'Брацлав',04331,380,2),
(N'Бреусовка',05342,380,2),
(N'Брилёвка',05542,380,2),
(N'Бровары',04594,380,2),
(N'Бродец',03658,380,2),
(N'Бродецкое',04342,380,2),
(N'Броды',03266,380,2),
(N'Бронница',04332,380,2),
(N'Броска',04841,380,2),
(N'Брошнев',03474,380,2),
(N'Брошнев-Осада',03474,380,2),
(N'Брусилов',04162,380,2),
(N'Брусница',03736,380,2),
(N'Брюховичи',0322,380,2),
(N'Брянка',06443,380,2),
(N'БубновскаяСлободка',04737,380,2),
(N'Бугрин',03650,380,2),
(N'Буданов',03551,380,2),
(N'Буденец',03735,380,2),
(N'Будилка',05445,380,2),
(N'Будище',0472,380,2),
(N'Буды',057,380,2),
(N'Бужанка',04656,380,2),
(N'Бузаки',03357,380,2),
(N'Бузова',04578,380,2),
(N'Бузовица',03732,380,2),
(N'Букачёвцы',03435,380,2),
(N'Буки',04748,380,2),
(N'Буковка',03740,380,2),
(N'Булавинское',06252,380,2),
(N'Булаховка',05632,380,2),
(N'Бурилово',05133,380,2),
(N'БурлачьяБалка',04868,380,2),
(N'Бурынь',05454,380,2),
(N'Буск',03264,380,2),
(N'Бутенки',05343,380,2),
(N'Бутыны',03257,380,2),
(N'Буча',04597,380,2),
(N'Бучач',03544,380,2),
(N'Буштыно',03134,380,2),
(N'Буяны',0332,380,2),
(N'Быковка',04146,380,2),
(N'Былбасовка',06262,380,2),
(N'Бырловка',04638,380,2),
(N'Вакуленчук',04139,380,2),
(N'Валерьяновка',06244,380,2),
(N'Валки',05753,380,2),
(N'Вальяновское',06434,380,2),
(N'Валява',04734,380,2),
(N'ВаляКузьмина',03734,380,2),
(N'Вапнярка',04350,380,2),
(N'Вараш',03636,380,2),
(N'Варва',04636,380,2),
(N'Варваровка',05635,380,2),
(N'Варковичи',03656,380,2),
(N'Варовичи',04471,380,2),
(N'Вартиковцы',03732,380,2),
(N'Варюшино',05163,380,2),
(N'Василевка',05536,380,2),
(N'Васильковка',05639,380,2),
(N'Васищево',057,380,2),
(N'Васьковичи',04142,380,2),
(N'Васютинцы',04739,380,2),
(N'Вахрушево',06432,380,2),
(N'Вашковцы',03730,380,2),
(N'ВеликаГорожанна',03241,380,2),
(N'ВеликаяБагачка',05345,380,2),
(N'ВеликаяБелозёрка',06156,380,2),
(N'ВеликаяБерезовица',0352,380,2),
(N'ВеликаяБерезянка',04566,380,2),
(N'ВеликаяБугаевка',04571,380,2),
(N'ВеликаяБузова',05352,380,2),
(N'ВеликаяБуромка',04739,380,2),
(N'ВеликаяБыйгань',03141,380,2),
(N'ВеликаяВесь',04641,380,2),
(N'ВеликаяВиска',05258,380,2),
(N'ВеликаяДобронь',03122,380,2),
(N'ВеликаяЗагоровка',04653,380,2),
(N'ВеликаяЗнаменка',06138,380,2),
(N'ВеликаяКаратуль',04567,380,2),
(N'ВеликаяКопаня',03143,380,2),
(N'ВеликаяКосница',04336,380,2),
(N'ВеликаяКостромка',05656,380,2),
(N'ВеликаяКруча',05358,380,2),
(N'ВеликаяЛепетиха',05543,380,2),
(N'ВеликаяМечетня',05133,380,2),
(N'ВеликаяМихайловка',04859,380,2),
(N'ВеликаяМочулка',04353,380,2),
(N'ВеликаяНовосёлка',06243,380,2),
(N'ВеликаяОмеляна',0362,380,2),
(N'ВеликаяПисаревка',05457,380,2),
(N'ВеликаяРублёвка',05350,380,2),
(N'ВеликаяРудка',05351,380,2),
(N'ВеликаяСнетинка',04565,380,2),
(N'ВеликаяСолтановка',04571,380,2),
(N'ВеликаяТурья',03477,380,2),
(N'ВеликаяФосня',04148,380,2),
(N'ВеликаяХайча',04148,380,2),
(N'ВеликаяЧернетчина',0542,380,2),
(N'ВеликаяЯблоновка',04733,380,2),
(N'ВеликиеБереги',03141,380,2),
(N'ВеликиеБорки',0352,380,2),
(N'ВеликиеБудища',05351,380,2),
(N'ВеликиеГаи',0352,380,2),
(N'ВеликиеДедеркалы',03538,380,2),
(N'ВеликиеДедушичи',03245,380,2),
(N'ВеликиеДмитровичи',04572,380,2),
(N'ВеликиеКаневцы',04739,380,2),
(N'ВеликиеКомяты',03143,380,2),
(N'ВеликиеКопани',05542,380,2),
(N'ВеликиеКрынки',05365,380,2),
(N'ВеликиеЛазы',03122,380,2),
(N'ВеликиеЛучки',03131,380,2),
(N'ВеликиеМежиричи',03651,380,2),
(N'ВеликиеМосты',03257,380,2),
(N'ВеликиеПрицки',04573,380,2),
(N'ВеликиеСорочинцы',05355,380,2),
(N'ВеликийБерезный',03135,380,2),
(N'ВеликийБобрик',05459,380,2),
(N'ВеликийБурлук',05752,380,2),
(N'ВеликийБычков',03122,380,2),
(N'ВеликийДальник',04852,380,2),
(N'ВеликийКарашин',04578,380,2),
(N'ВеликийКучуров',03735,380,2),
(N'ВеликийЛюбень',03231,380,2),
(N'ВеликийМытник',04338,380,2),
(N'ВеликийОмеляник',0332,380,2),
(N'ВеликийРаковець',03144,380,2),
(N'ВеликийСуходол',06435,380,2),
(N'ВеликийХутор',04738,380,2),
(N'Великодолинское',04851,380,2),
(N'ВеликоеВербче',03655,380,2),
(N'ВеликоеКолодно',03254,380,2),
(N'Великокаменка',06433,380,2),
(N'Великоплоское',04859,380,2),
(N'Великополовецкое',04568,380,2),
(N'Великосёлки',03254,380,2),
(N'Велимче',03366,380,2),
(N'Велятин',03142,380,2),
(N'Вендичаны',04337,380,2),
(N'Веприк',05354,380,2),
(N'Верба',03656,380,2),
(N'Вербка',04340,380,2),
(N'Вербы',05540,380,2),
(N'Вергуны',0472,380,2),
(N'Веремеевки',04739,380,2),
(N'Веремиевка',05341,380,2),
(N'Веренчанка',03737,380,2),
(N'Вересневое',0362,380,2),
(N'Вересоч',04643,380,2),
(N'Вернигородок',04342,380,2),
(N'Вернополье',05743,380,2),
(N'Вертиевка',04631,380,2),
(N'Верхнеднепровск',05658,380,2),
(N'ВерхнееВодяное',03132,380,2),
(N'ВерхнееВысоцкое',03269,380,2),
(N'ВерхнееСиневидное',03251,380,2),
(N'Верхнеторецкий',06236,380,2),
(N'ВерхниеПетровцы',03735,380,2),
(N'ВерхниеСерогозы',05540,380,2),
(N'ВерхнийРогачик',05545,380,2),
(N'Верхнячка',04745,380,2),
(N'Верхняя',03472,380,2),
(N'ВерхняяСыроватка',0542,380,2),
(N'ВерхняяТерса',06145,380,2),
(N'Верховина',03432,380,2),
(N'Верховцево',05658,380,2),
(N'Вершина-Згарская',04738,380,2),
(N'Веселиновка',05764,380,2),
(N'Веселиново',05163,380,2),
(N'ВесёлыйПодол',05341,380,2),
(N'ВесёлыйСад',0518,380,2),
(N'ВесёлыйХутор',04739,380,2),
(N'Вестовая',03472,380,2),
(N'Ветлы',03362,380,2),
(N'Ветрянка',03739,380,2),
(N'Вижница',03730,380,2),
(N'Визирка',04855,380,2),
(N'Виктория',05358,380,2),
(N'Викторовка',04745,380,2),
(N'Вилково',04843,380,2),
(N'Вилок',03143,380,2),
(N'Вильча',05741,380,2),
(N'Винники',0322,380,2),
(N'ВИННИЦА',0432,380,2),
(N'ВинницкиеХутора',0432,380,2),
(N'Виноград',04749,380,2),
(N'Виноградов',03143,380,2),
(N'Виноградово',07542,380,2),
(N'Виньковцы',03846,380,2),
(N'Виры',05443,380,2),
(N'Висунск',05168,380,2),
(N'Вита-Почтовая',04598,380,2),
(N'Витачов',04572,380,2),
(N'Витвица',03477,380,2),
(N'Вишеньки',04595,380,2),
(N'Вишневец',03550,380,2),
(N'Вишневчик',03859,380,2),
(N'Вишнополь',04731,380,2),
(N'Вишняки',05362,380,2),
(N'Владимир-Волынский',03342,380,2),
(N'Владимирец',03634,380,2),
(N'Владимировское',061,380,2),
(N'Владиславка',04574,380,2),
(N'Владычень',04846,380,2),
(N'Водица',03132,380,2),
(N'ВодянаяБалка',05351,380,2),
(N'Водянское',06277,380,2),
(N'Воеводськое',05132,380,2),
(N'Воздвижевка',06145,380,2),
(N'Вознесенск',05134,380,2),
(N'Вознесенское',04570,380,2),
(N'Войковский',06259,380,2),
(N'Войнашевка',04341,380,2),
(N'Войнилов',03472,380,2),
(N'Войновка',05347,380,2),
(N'Войсковое',05669,380,2),
(N'Войтовцы',04337,380,2),
(N'Волица',03234,380,2),
(N'Волковинцы',03856,380,2),
(N'Волноваха',06244,380,2),
(N'Воловец',03136,380,2),
(N'Воловики',04657,380,2),
(N'Володарка',04569,380,2),
(N'Володарск',06434,380,2),
(N'ВолодьковаДивыця',04642,380,2),
(N'Волока',03730,380,2),
(N'Волочиск',03845,380,2),
(N'Волошиновка',04576,380,2),
(N'Волчанск',05741,380,2),
(N'ВолчанскиеХутора',05741,380,2),
(N'Волчинец',03422,380,2),
(N'Волчковцы',03476,380,2),
(N'Вольногорск',05653,380,2),
(N'Вольное',05693,380,2),
(N'ВольноеЗапорожье',05151,380,2),
(N'Вольнянск',06143,380,2),
(N'Вонигово',03134,380,2),
(N'Ворзель',04597,380,2),
(N'Воробьев',04641,380,2),
(N'Ворожба',05443,380,2),
(N'Воронеж',05449,380,2),
(N'Вороновица',0432,380,2),
(N'Вороновка',04734,380,2),
(N'Вороное',04747,380,2),
(N'Вороньки',04632,380,2),
(N'Вороньков',04595,380,2),
(N'Ворохта',03434,380,2),
(N'Воскобойники',05352,380,2),
(N'Воскресенское',0512,380,2),
(N'Вотылевка',04749,380,2),
(N'Воютичи',03236,380,2),
(N'Врадиевка',05135,380,2),
(N'Выбли',04643,380,2),
(N'Вынаровка',04564,380,2),
(N'Выпасное',04849,380,2),
(N'Выришальное',05356,380,2),
(N'ВысокаяПечь',0412,380,2),
(N'Высокий',057,380,2),
(N'Высокополье',05535,380,2),
(N'Высоцк',03658,380,2),
(N'Выступовичи',04148,380,2),
(N'ВысшееСоленое',05759,380,2),
(N'Выхвостов',04645,380,2),
(N'Вышгород',04596,380,2),
(N'Вышково',03142,380,2),
(N'Вязовок',04734,380,2),
(N'Гавришовка',0432,380,2),
(N'Гавронщина',04578,380,2),
(N'Гадяч',05354,380,2),
(N'Гаевка',03355,380,2),
(N'Гайворон',05254,380,2),
(N'Гайсин',04334,380,2),
(N'Гайшин',04567,380,2),
(N'Галица',04631,380,2),
(N'Галициновка',06278,380,2),
(N'Галициново',0512,380,2),
(N'Галич',03431,380,2),
(N'Гамалиевка',03230,380,2),
(N'Ганичи',03134,380,2),
(N'Ганьковцы',03476,380,2),
(N'Гарасимов',03479,380,2),
(N'Гарбузин',04735,380,2),
(N'Гарячковка',04340,380,2),
(N'Гатище',05741,380,2),
(N'Гатное',04598,380,2),
(N'Гвоздец',03433,380,2),
(N'Гвоздовцы',03739,380,2),
(N'Гельмязов',04737,380,2),
(N'Гениевка',05747,380,2),
(N'Геническ',05534,380,2),
(N'ГеническаяГорка',05534,380,2),
(N'Георгиевка',064236,380,2),
(N'Гереженовка',04744,380,2),
(N'Германовка',04572,380,2),
(N'Геронимовка',0472,380,2),
(N'Герца',03740,380,2),
(N'Гийче',03252,380,2),
(N'Гильцы',05340,380,2),
(N'ГирявыеИсковцы',05356,380,2),
(N'Гладковичи',04148,380,2),
(N'Гладковка',05539,380,2),
(N'Гланышев',04567,380,2),
(N'Глеваха',04571,380,2),
(N'Глееватка',056,380,2),
(N'Глиница',03736,380,2),
(N'Глинное',03635,380,2),
(N'Глиняны',03265,380,2),
(N'Глобино',05365,380,2),
(N'Глуховцы',04342,380,2),
(N'Глыбокая',03734,380,2),
(N'Гмырянка',04633,380,2),
(N'Гнатков',04348,380,2),
(N'Гнедин',04595,380,2),
(N'Гнединцы',04636,380,2),
(N'Гнездычев',03239,380,2),
(N'Гнивань',04355,380,2),
(N'Гоголев',04594,380,2),
(N'Гоголево',05345,380,2),
(N'Годыновка',03740,380,2),
(N'ГолаяПристань',05539,380,2),
(N'Голица',04846,380,2),
(N'Голобы',03352,380,2),
(N'Голованевск',05252,380,2),
(N'Головино',04143,380,2),
(N'Головковка',04730,380,2),
(N'Головно',03377,380,2),
(N'Гологоры',03265,380,2),
(N'Голодьки',04560,380,2),
(N'Голосков',03849,380,2),
(N'Голубовка',05693,380,2),
(N'Голынь',03472,380,2),
(N'Гольмовский',06242,380,2),
(N'Гонтовка',04357,380,2),
(N'Гончаровское',0462,380,2),
(N'Гопчица',04346,380,2),
(N'Гора',04595,380,2),
(N'Горбаков',03650,380,2),
(N'Горбова',03740,380,2),
(N'Горбово',04643,380,2),
(N'Гордашовка',04731,380,2),
(N'Гореничи',04598,380,2),
(N'Горенка',04598,380,2),
(N'Горинчово',03142,380,2),
(N'ГоришниеПлавни',05348,380,2),
(N'ГоришниеШеровцы',03737,380,2),
(N'Горловка',06242,380,2),
(N'Горное',06255,380,2),
(N'Горностайполь',04591,380,2),
(N'Горобиевка',04736,380,2),
(N'Городенка',03430,380,2),
(N'Городец',03634,380,2),
(N'Городище-Пустоваровское',04569,380,2),
(N'Городковка',04340,380,2),
(N'Городня',04645,380,2),
(N'Горонда',03131,380,2),
(N'Гороховатка',04573,380,2),
(N'Гороховское',05162,380,2),
(N'Горохолина',03471,380,2),
(N'Горошков',04560,380,2),
(N'Горошовцы',03737,380,2),
(N'Гостомель',04597,380,2),
(N'Гошев',03477,380,2),
(N'Гоща',03650,380,2),
(N'Грабовка',0412,380,2),
(N'Граденицы',04852,380,2),
(N'Градижск',05365,380,2),
(N'Граково',05746,380,2),
(N'Гранов',04334,380,2),
(N'Гребёнка',05359,380,2),
(N'Гребёнки',04571,380,2),
(N'Гремяч',04658,380,2),
(N'Гремячее',03654,380,2),
(N'Грибовка',04851,380,2),
(N'Григорьевка',048,380,2),
(N'Гримайлов',03557,380,2),
(N'Гринцево',05445,380,2),
(N'Грицев',03840,380,2),
(N'Гришковцы',04143,380,2),
(N'Грищинцы',04736,380,2),
(N'Грозино',04142,380,2),
(N'Грозинцы',03731,380,2),
(N'Громада',04147,380,2),
(N'Громовка',05548,380,2),
(N'Грубна',03739,380,2),
(N'Грузское',04574,380,2),
(N'Грунь',05446,380,2),
(N'Грушев',03244,380,2),
(N'Грушеваха',05757,380,2),
(N'Грушево',03134,380,2),
(N'Грушковка',04732,380,2),
(N'Губаревка',05758,380,2),
(N'Губиниха',05693,380,2),
(N'Гуляевка',04856,380,2),
(N'Гуляйпольское',06145,380,2),
(N'Гулянка',04142,380,2),
(N'Гуменцы',03849,380,2),
(N'Гумённое',0432,380,2),
(N'Гупаловка',05691,380,2),
(N'Гуровка',05234,380,2),
(N'Гуровщина',04598,380,2),
(N'Гурьевка',05162,380,2),
(N'Гусаровка',05757,380,2),
(N'Гута',03471,380,2),
(N'Давыдов',03230,380,2),
(N'Давыдовка',03735,380,2),
(N'Дальник',04851,380,2),
(N'Данилово',03142,380,2),
(N'Данковцы',03731,380,2),
(N'Дарахов',03551,380,2),
(N'Дарьевка',05547,380,2),
(N'Дацки',04735,380,2),
(N'Дашавы',03245,380,2),
(N'Дашев',04345,380,2),
(N'Дашуковка',04749,380,2),
(N'Двуречная',05750,380,2),
(N'ДвуречныйКут',05763,380,2),
(N'Двухлетнее',05750,380,2),
(N'Дебальцево',06249,380,2),
(N'Девички',04567,380,2),
(N'Девладово',05650,380,2),
(N'Дегтярёвка',04658,380,2),
(N'Дегтяри',04639,380,2),
(N'Дедилов',03254,380,2),
(N'Дейкаловка',05353,380,2),
(N'Деймановка',05358,380,2),
(N'Деловое',03132,380,2),
(N'Делятин',03475,380,2),
(N'Демидовка',03637,380,2),
(N'Демино-Александровка',06456,380,2),
(N'Демки',04738,380,2),
(N'Демня',03241,380,2),
(N'Демовка',04351,380,2),
(N'Демьянцы',04567,380,2),
(N'Денисовка',05357,380,2),
(N'Денисы',04567,380,2),
(N'Дениховка',04560,380,2),
(N'Дениши',0412,380,2),
(N'Деньги',04737,380,2),
(N'Деражное',03657,380,2),
(N'Деражня',03856,380,2),
(N'Дергачи',05763,380,2),
(N'Деребчин',04344,380,2),
(N'Деревки',05350,380,2),
(N'Дерезоватое',05663,380,2),
(N'Деренковец',04735,380,2),
(N'Держановка',04642,380,2),
(N'Дерцен',03131,380,2),
(N'Десантное',04843,380,2),
(N'Деснянское',04656,380,2),
(N'Джулинка',04352,380,2),
(N'Джуров',03476,380,2),
(N'Дзвиняч',03471,380,2),
(N'Дзензелевка',04748,380,2),
(N'Дзержинский',06433,380,2),
(N'Дзыговка',04336,380,2),
(N'Дибровка',04561,380,2),
(N'Диканька',05351,380,2),
(N'Диновцы',03733,380,2),
(N'Дихтинец',03738,380,2),
(N'ДлиннаяПристань',05161,380,2),
(N'Дмитров',03255,380,2),
(N'Дмитрушки',04744,380,2),
(N'Дмухайловка',05691,380,2),
(N'ДНЕПР',056,380,2),
(N'Днепряны',05549,380,2),
(N'Днестровка',03732,380,2),
(N'Добрая',04748,380,2),
(N'Добровеличковка',05253,380,2),
(N'Доброводы',04744,380,2),
(N'Доброе',05158,380,2),
(N'Доброжановка',05135,380,2),
(N'Добромиль',03238,380,2),
(N'Доброполье',06277,380,2),
(N'Добросин',03255,380,2),
(N'Доброслав',04855,380,2),
(N'Добротвoр',03254,380,2),
(N'Добротов',03475,380,2),
(N'Добрыводы',03555,380,2),
(N'Добрыновцы',03737,380,2),
(N'Добрянское',03134,380,2),
(N'Добряны',03241,380,2),
(N'Довбыш',04144,380,2),
(N'Довжок',04336,380,2),
(N'Докучаево',05239,380,2),
(N'Докучаевск',06275,380,2),
(N'Докучаевское',0572,380,2),
(N'Долгое',03144,380,2),
(N'Долгополье',03738,380,2),
(N'Должик',0412,380,2),
(N'Должок',03733,380,2),
(N'Долинка',06145,380,2),
(N'Долинская',05234,380,2),
(N'ДолишнеЗалучье',03476,380,2),
(N'Дольск',03362,380,2),
(N'Доманёвка',05152,380,2),
(N'Доманово',03366,380,2),
(N'Домантово',04737,380,2),
(N'Донец',05747,380,2),
(N'ДОНЕЦК',062,380,2),
(N'Донецкий',06446,380,2),
(N'Доробратово',03144,380,2),
(N'Дорогинка',04633,380,2),
(N'Дорожное',0432,380,2),
(N'Дорожнянка',06145,380,2),
(N'Доросины',03368,380,2),
(N'Дорошовка',05134,380,2),
(N'Дорошовцы',03737,380,2),
(N'Дослидницкое',04571,380,2),
(N'Дослидное',056,380,2),
(N'Драбиновка',05344,380,2),
(N'Драбов',04738,380,2),
(N'Драбово-Барятинское',04738,380,2),
(N'Драгово',03142,380,2),
(N'Драница',03733,380,2),
(N'Драчинцы',03736,380,2),
(N'Дрогобыч',0324,380,2),
(N'Дроздовка',04643,380,2),
(N'Дрозды',04563,380,2),
(N'Дружковка',06267,380,2),
(N'Дуба',03474,380,2),
(N'Дубиевка',0472,380,2),
(N'Дубище',03368,380,2),
(N'Дублянка',05756,380,2),
(N'Дубляны',03252,380,2),
(N'Дубно',03656,380,2),
(N'Дубовичи',05453,380,2),
(N'Дубовка',05544,380,2),
(N'Дубовое',03134,380,2),
(N'Дубовский',06431,380,2),
(N'ДубовыеГряды',05762,380,2),
(N'ДубовыйГай',04637,380,2),
(N'Дубовязовка',05447,380,2),
(N'Дубриничи',053,380,2),
(N'Дуброва',05351,380,2),
(N'Дубровица',03658,380,2),
(N'Дударков',04595,380,2),
(N'Дудчаны',05533,380,2),
(N'Дулибы',03239,380,2),
(N'Дулово',03134,380,2),
(N'Думанцы',0472,380,2),
(N'Дунаевцы',03858,380,2),
(N'Дыбинцы',04561,380,2),
(N'Дымер',04596,380,2),
(N'Дымерка',04646,380,2),
(N'Дымка',03734,380,2),
(N'Дьяково',06431,380,2),
(N'Евпатория',06569,380,2),
(N'Евсуг',06466,380,2),
(N'Езуполь',03436,380,2),
(N'Еланец',05159,380,2),
(N'Елизаветградка',05242,380,2),
(N'Елино',04654,380,2),
(N'Елисеевка',06137,380,2),
(N'Емильчино',041494,380,2),
(N'Енакиево',06252,380,2),
(N'Ерки',04742,380,2),
(N'Жаботин',04732,380,2),
(N'Жадово',04659,380,2),
(N'Жашков',04747,380,2),
(N'Жвирка',03257,380,2),
(N'Ждениево',03136,380,2),
(N'Жежелев',04342,380,2),
(N'Железное',06441,380,2),
(N'ЖелезныйМост',04659,380,2),
(N'ЖелезныйПорт',05539,380,2),
(N'Желтоалександровка',05651,380,2),
(N'Жеребково',04863,380,2),
(N'Жёлтое',05651,380,2),
(N'ЖёлтыеВоды',05652,380,2),
(N'Живановка',05240,380,2),
(N'Жидачев',03239,380,2),
(N'Жидычин',03365,380,2),
(N'Жидычина',03365,380,2),
(N'Жирова',03239,380,2),
(N'Житники',04747,380,2),
(N'ЖитныеГоры',04562,380,2),
(N'ЖИТОМИР',0412,380,2),
(N'Жмеринка',04332,380,2),
(N'Жобрин',0362,380,2),
(N'Жовнино',04739,380,2),
(N'Жовтанцы',03254,380,2),
(N'Жолква',03252,380,2),
(N'Жоравка',04575,380,2),
(N'Жуковка',04643,380,2),
(N'Жуковцы',04572,380,2),
(N'Журавно',03239,380,2),
(N'Жураки',03471,380,2),
(N'Заболотное',04340,380,2),
(N'Заболотов',03476,380,2),
(N'Заболотцы',03266,380,2),
(N'Заболотье',03342,380,2),
(N'Заборье',04598,380,2),
(N'Забужжя',03257,380,2),
(N'Завалье',05254,380,2),
(N'Завидовичи',03231,380,2),
(N'Завидово',03131,380,2),
(N'Заворичи',04494,380,2),
(N'ЗагальнаяКорысть',05151,380,2),
(N'Загальцы',04577,380,2),
(N'Загвоздье',03436,380,2),
(N'Загнитков',04867,380,2),
(N'Загорное',03245,380,2),
(N'Загородище',04739,380,2),
(N'Задельское',03251,380,2),
(N'Заезд',04637,380,2),
(N'Зазимье',04594,380,2),
(N'Зайцево',06242,380,2),
(N'Зайцы',05350,380,2),
(N'Закутневка',05748,380,2),
(N'Залесное',06256,380,2),
(N'Залесское',04731,380,2),
(N'Залесцы',03550,380,2),
(N'Залещики',03544,380,2),
(N'Зализничное',04846,380,2),
(N'Залиман',05749,380,2),
(N'Заложцы',03540,380,2),
(N'Залужаны',03236,380,2),
(N'Замглай',04641,380,2),
(N'Запорожское',05656,380,2),
(N'ЗАПОРОЖЬЕ',061,380,2),
(N'Запрудье',04562,380,2),
(N'Запытов',03254,380,2),
(N'Зарванцы',0432,380,2),
(N'Заречаны',0412,380,2),
(N'Заречье',04138,380,2),
(N'Зарожаны',03731,380,2),
(N'Заслучное',03855,380,2),
(N'Заставна',03737,380,2),
(N'Засулье',05361,380,2),
(N'Затока',04849,380,2),
(N'Захарьевка',04860,380,2),
(N'Зачепиловка',05761,380,2),
(N'Збараж',03550,380,2),
(N'Зборов',03540,380,2),
(N'Звездное',06278,380,2),
(N'Звенигородка',04740,380,2),
(N'Звенячин',03737,380,2),
(N'Згораны',03377,380,2),
(N'Згуровка',04570,380,2),
(N'Здвижевка',04577,380,2),
(N'Здолбица',03652,380,2),
(N'Здолбунов',036522,380,2),
(N'Зеленодольск',05655,380,2),
(N'Зеленьки',04574,380,2),
(N'Зелёная',03732,380,2),
(N'ЗелёнаяДиброва',04734,380,2),
(N'ЗелёныйГай',03733,380,2),
(N'ЗелёныйПод',05536,380,2),
(N'ЗелёныйРог',04747,380,2),
(N'ЗелёныйЯр',06246,380,2),
(N'Зеньков(Полтавскаяобласть)',05353,380,2),
(N'Зиболки',03252,380,2),
(N'Зикрачи',04573,380,2),
(N'ЗимнаВода',03230,380,2),
(N'Зимогорье',06473,380,2),
(N'Зирка',06243,380,2),
(N'Зирное',03653,380,2),
(N'Златоустовка',06244,380,2),
(N'Злынка',05258,380,2),
(N'Змиевка',05546,380,2),
(N'Змиенец',0332,380,2),
(N'Змиёв',05747,380,2),
(N'ЗнаменкаВторая',05233,380,2),
(N'Знаменовка',05693,380,2),
(N'Знобь-Новгородское',05451,380,2),
(N'Зняцево',03131,380,2),
(N'Зозулинцы',04342,380,2),
(N'Золотарёво',03142,380,2),
(N'Золотники',03551,380,2),
(N'ЗолотойПоток',03544,380,2),
(N'Золотоноша',04737,380,2),
(N'Зорное',03653,380,2),
(N'Ивангород',04745,380,2),
(N'Иваница',04633,380,2),
(N'Иваничи',03372,380,2),
(N'Иванковичи',04571,380,2),
(N'Ивано-Благодатное',0522,380,2),
(N'Иванов',04333,380,2),
(N'Ивановское',05744,380,2),
(N'Иванополь',04139,380,2),
(N'ИВАНО-ФРАНКОВСК',0342,380,2),
(N'Иванчи',03634,380,2),
(N'Иваньки',04748,380,2),
(N'Иваньков',04736,380,2),
(N'Ивашковка',04645,380,2),
(N'Ивковцы',04637,380,2),
(N'Ивот',05449,380,2)

insert into [slugDtB].[dbo].[Cities](Title, CitiesCode, CountryCode, Language)
values
(N'Игнатполь',04148,380,2),
(N'Иживцы',03735,380,2),
(N'Иза',03142,380,2),
(N'Изварино',06435,380,2),
(N'Измаил',04841,380,2),
(N'Изюм',05743,380,2),
(N'Изяслав',03852,380,2),
(N'Иличанка',04855,380,2),
(N'Илларионово',05663,380,2),
(N'Ильник',03269,380,2),
(N'Ильница',03144,380,2),
(N'Ингулка',05158,380,2),
(N'Ингульское',05239,380,2),
(N'Инзовка',06137,380,2),
(N'Ирдынь',0472,380,2),
(N'Иржавец',04633,380,2),
(N'Ирклиев',04739,380,2),
(N'Ирмино',06444,380,2),
(N'Ирпень',04597,380,2),
(N'Иршава',03144,380,2)

insert into [slugDtB].[dbo].[Cities](Title, CitiesCode, CountryCode, Language)
values
(N'Иршанск',04145,380,2),
(N'Исаево',04857,380,2),
(N'Исайки',04561,380,2),
(N'Искра',06243,380,2),
(N'Искровка',05237,380,2),
(N'Испас',03730,380,2),
(N'Кагарлык',04573,380,2),
(N'Кадубовцы',03737,380,2),
(N'Казанка',05164,380,2),
(N'Казатин',04342,380,2),
(N'КазачьиЛагери',05542,380,2),
(N'КазачьяЛопань',05763,380,2),
(N'Казначеевка',05691,380,2),
(N'Каиры',05544,380,2),
(N'Кайтановка',04742,380,2),
(N'Калаглия',04851,380,2),
(N'Калайдинцы',05361,380,2),
(N'Калантаевка',04853,380,2),
(N'Каланчак',05530,380,2),
(N'Каленики',05363,380,2),
(N'Калинино',06279,380,2),
(N'Калининский',06444,380,2),
(N'Калиново',04566,380,2),
(N'Калины',03134,380,2),
(N'Калита',04594,380,2),
(N'Калитянское',04646,380,2),
(N'Калуга',05168,380,2),
(N'Калуш',03472,380,2),
(N'Калчева',04846,380,2),
(N'Кальмиусское',06253,380,2),
(N'Кальная',03477,380,2),
(N'Кальник',03131,380,2),
(N'Кальчик',06246,380,2),
(N'Каменец-Подольский',03849,380,2),
(N'Каменка-Бугская',03254,380,2),
(N'Каменка-Днепровская',06138,380,2),
(N'Каменная',03735,380,2),
(N'КаменныйБрод',04749,380,2),
(N'КаменныйМост',05161,380,2),
(N'Камень-Каширский',03357,380,2),
(N'Камышаны',0552,380,2),
(N'Камышеватое',06297,380,2),
(N'Камышеваха',06141,380,2),
(N'Камышевка',04841,380,2),
(N'Камыш-Заря',06147,380,2),
(N'Камыши',05446,380,2),
(N'Камышня',05355,380,2),
(N'Камянка',06436,380,2),
(N'Канев',04736,380,2),
(N'Капитоловка',05743,380,2),
(N'Капуловка',0566,380,2),
(N'Капустино',04741,380,2),
(N'Капустяны',04343,380,2),
(N'Караван',05740,380,2),
(N'Каракурт',04846,380,2),
(N'Карапчов',03734,380,2),
(N'Карапыши',04574,380,2),
(N'Карловка',05346,380,2),
(N'Карнауховка',05692,380,2),
(N'Каролино-Бугаз',04851,380,2),
(N'Карпаты',03131,380,2),
(N'Карповка',05657,380,2),
(N'Карыльское',04656,380,2),
(N'Касьяновка',06246,380,2),
(N'Каташин',04351,380,2),
(N'Катеринополь',04742,380,2),
(N'Катюжанка',04596,380,2),
(N'Каховка',05536,380,2),
(N'Качалы',04577,380,2),
(N'Качаново',05354,380,2),
(N'Качкаровка',05546,380,2),
(N'Качковка',04336,380,2),
(N'Кашперовка',04560,380,2),
(N'Квасилов',0362,380,2),
(N'Квасы',03132,380,2),
(N'Квитки',04735,380,2),
(N'Квитневое',04594,380,2),
(N'Кегичёвка',05755,380,2),
(N'Келеберда',04736,380,2),
(N'Келлеровка',06246,380,2),
(N'Кельменцы',03732,380,2),
(N'Керецки',03132,380,2),
(N'Керменчик',06243,380,2),
(N'Керносовка',05693,380,2),
(N'Керстенцы',03731,380,2),
(N'Керчь',06561,380,2),
(N'Кетрисановка',05257,380,2),
(N'Киверцы',03365,380,2),
(N'КИЕВ',044,380,2),
(N'Киевец',03241,380,2),
(N'Килия',04843,380,2),
(N'Кирданы',04148,380,2),
(N'Кириковка',05457,380,2),
(N'Кирилловка',06131,380,2),
(N'Кирнасовка',04335,380,2),
(N'Кирнички',04841,380,2),
(N'Кировск',06446,380,2),
(N'Кирьяковка',0512,380,2),
(N'Кислица',04841,380,2),
(N'Кисляк',04334,380,2),
(N'Кислянка',05663,380,2),
(N'Китайгород',05690,380,2),
(N'Кицмань',03736,380,2),
(N'Клавдиево-Тарасово',04577,380,2),
(N'Клебань',04335,380,2),
(N'Клевань',03622,380,2),
(N'Клембовка',04336,380,2),
(N'Кленовый',06433,380,2),
(N'Клепалы',05454,380,2),
(N'Клесов',03655,380,2),
(N'Клещинцы',04739,380,2),
(N'Клиновое',05252,380,2),
(N'Клишки',05449,380,2),
(N'Клишковцы',03731,380,2),
(N'Клячаново',03131,380,2),
(N'Кнышовка',05342,380,2),
(N'Княгининок',0332,380,2),
(N'Княже',03476,380,2),
(N'Княжики',04746,380,2),
(N'Княжичи',04494,380,2),
(N'Княжолука',03477,380,2),
(N'Княжья',04740,380,2),
(N'Князе-Григоровка',05543,380,2),
(N'Кобаки',03478,380,2),
(N'Кобеляки',05343,380,2),
(N'Коблево',05153,380,2),
(N'Коболчин',03739,380,2),
(N'КобриноваяГребля',04731,380,2),
(N'Кобыжча',04632,380,2),
(N'КобылецкаяПоляна',03132,380,2),
(N'Ковали',05340,380,2),
(N'Ковалин',04567,380,2),
(N'Ковель',03352,380,2),
(N'Коврай',04737,380,2),
(N'Ковтуны',04737,380,2),
(N'Ковчин',04643,380,2),
(N'Ковшаровка',05742,380,2),
(N'Ковшеватая',04566,380,2),
(N'Ковяги',05753,380,2),
(N'Кодаки',04571,380,2),
(N'Кодра',04478,380,2),
(N'Кодыма',04867,380,2),
(N'Кожухов',04347,380,2),
(N'Козаровичи',044,380,2),
(N'Козаровка',04736,380,2),
(N'Козары',04642,380,2),
(N'Козацкое',04632,380,2),
(N'Козелец',04646,380,2),
(N'Козельщина',05342,380,2),
(N'Козёва',03251,380,2),
(N'Козиевка',05756,380,2),
(N'Козичанка',04578,380,2),
(N'Козлов',03547,380,2),
(N'Козова',03547,380,2),
(N'Коленковцы',03731,380,2),
(N'Колки',03376,380,2),
(N'Колодезное',05750,380,2),
(N'Колодиевка',03543,380,2),
(N'Колодистое',04744,380,2),
(N'Колодное',03134,380,2),
(N'Коломийцы',05638,380,2),
(N'Коломыя',03433,380,2),
(N'Колонщина',04578,380,2),
(N'Колочава',03146,380,2),
(N'Колычовка',0462,380,2),
(N'Кольчине',03131,380,2),
(N'Колядинец',05452,380,2),
(N'Комар',06243,380,2),
(N'Комарно',03231,380,2),
(N'Компанеевка',05240,380,2),
(N'Комышаны',05542,380,2),
(N'Кондрашовка',05742,380,2),
(N'КонельскаяПоповка',04747,380,2),
(N'КонельскиеХутора',04747,380,2),
(N'Конецполь',05161,380,2),
(N'Конопкивка',03551,380,2),
(N'Конопляное',04854,380,2),
(N'КонскиеРаздоры',06165,380,2),
(N'Константинополь',06243,380,2),
(N'Контарное',06255,380,2),
(N'Концеба',04865,380,2),
(N'Коньково',06279,380,2),
(N'Конюшки',03435,380,2),
(N'Копайгород',04341,380,2),
(N'Копанки',03472,380,2),
(N'Копачев',04572,380,2),
(N'Копачовка',03368,380,2),
(N'Копашново',03142,380,2),
(N'Копиевата',04746,380,2),
(N'Копти',04646,380,2),
(N'Копылов',04578,380,2),
(N'Копыстин',0382,380,2),
(N'Копычинцы',03557,380,2),
(N'Корделевка',04333,380,2),
(N'Кордышевка',04342,380,2),
(N'Корец',03651,380,2),
(N'Коржи',04576,380,2),
(N'Коржовое',06471,380,2),
(N'Кормань',03739,380,2),
(N'Корнин',04137,380,2),
(N'Коробки',05536,380,2),
(N'Коробовка',04737,380,2),
(N'Коробочкино',05746,380,2),
(N'Коровинцы',05455,380,2),
(N'Коровия',03734,380,2),
(N'Королевка',04578,380,2),
(N'Королёво',03143,380,2),
(N'Короп',04656,380,2),
(N'Коропец',03555,380,2),
(N'Коропуж',03231,380,2),
(N'Корост',03655,380,2),
(N'Коростень',04142,380,2),
(N'Коростышев',04130,380,2),
(N'Коротич',057,380,2),
(N'Корсунь',06252,380,2),
(N'Корсунь-Шевченковский',04735,380,2),
(N'Кортелисы',03366,380,2),
(N'Корчевцы',03734,380,2),
(N'Корчин',03251,380,2),
(N'Коршев',03433,380,2),
(N'Корытняны',03122,380,2),
(N'Корюковка',04657,380,2),
(N'Косари',04732,380,2),
(N'Косенивка',04744,380,2),
(N'Косино',03131,380,2),
(N'Космач',03478,380,2),
(N'Косов',03478,380,2),
(N'Косовщина',0542,380,2),
(N'Косонь',03141,380,2),
(N'Костинцы',03735,380,2),
(N'Костичаны',03733,380,2),
(N'Костобобров',04659,380,2),
(N'Костогрызово',05542,380,2),
(N'Костополь',03657,380,2),
(N'Кострижевка',03737,380,2),
(N'Котелево',03733,380,2),
(N'Котельва',05350,380,2),
(N'Котловина',04840,380,2),
(N'Котлярёво',0512,380,2),
(N'Котляры',057,380,2),
(N'Коцюбинское',045,380,2),
(N'Коцюбинцы',03557,380,2),
(N'Кочержинцы',04744,380,2),
(N'Кочеток',05746,380,2),
(N'Кошелёво',03142,380,2),
(N'Кошмановка',05364,380,2),
(N'Краковец',03259,380,2),
(N'Краматорск',06264,380,2),
(N'Крапивник',03472,380,2),
(N'Красилов',03855,380,2),
(N'КраснаяСлободка',04572,380,2),
(N'Красненькое',05133,380,2),
(N'Красноград',05744,380,2),
(N'Краснодон',06435,380,2),
(N'КрасноеПервое',04572,380,2),
(N'Красноильск',03735,380,2),
(N'Краснокутск',05756,380,2),
(N'Краснопавловка',05745,380,2),
(N'Краснополка',04334,380,2),
(N'Краснореченское',06454,380,2),
(N'Красносёлка',04855,380,2),
(N'Красноставцы',03476,380,2),
(N'КрасныйКолядин',04634,380,2),
(N'КрасныйКут',06431,380,2),
(N'Красятичи',04492,380,2),
(N'Крачковка',04748,380,2),
(N'Кременец',03546,380,2),
(N'Кременная',06454,380,2),
(N'Кременное',04337,380,2),
(N'Кременчуг',05366,380,2),
(N'Кремидовка',04855,380,2),
(N'Крепенский',06431,380,2),
(N'Крестителево',04739,380,2),
(N'Крестище',05744,380,2),
(N'Криваченцы',03845,380,2),
(N'Кривец',04748,380,2),
(N'КривоеОзеро',05133,380,2),
(N'КривоеОзероВторое',05133,380,2),
(N'КривойРог',0564,380,2),
(N'Кривчунка',04747,380,2),
(N'Кривыеколена',04731,380,2),
(N'Криница',03241,380,2),
(N'Криничная',06232,380,2),
(N'Криски',04656,380,2),
(N'Криховцы',0342,380,2),
(N'Кричильск',03655,380,2),
(N'Кричово',03134,380,2),
(N'Кролевец',05453,380,2),
(N'Кропивна',04737,380,2),
(N'КРОПИВНИЦКИЙ',0522,380,2),
(N'Крукеничи',03234,380,2),
(N'Крупец',03633,380,2),
(N'Крупское',04737,380,2),
(N'Крупычполе',04633,380,2),
(N'Круты',04631,380,2),
(N'Крутьки',04739,380,2),
(N'Крушинка',044,380,2),
(N'Крыжановка',04855,380,2),
(N'Крыжополь',04340,380,2),
(N'Крюковщина',04598,380,2),
(N'Ксаверовка',04491,380,2),
(N'Кубей',04635,380,2),
(N'Кудашевка',05654,380,2),
(N'Кудрявое',05446,380,2),
(N'Куземин',05446,380,2),
(N'Кузнецово',05152,380,2),
(N'Кузнецово-Михайловка',06279,380,2),
(N'Кузьминагребля',04745,380,2),
(N'Кукавка',04337,380,2),
(N'Кулевча',04848,380,2),
(N'Куликов',03252,380,2),
(N'Куликовка',04643,380,2),
(N'Кулиничи',057,380,2),
(N'Кумейки',0472,380,2),
(N'Купка',03734,380,2),
(N'Купьнськ-Узловой',05742,380,2),
(N'Купянск',05742,380,2),
(N'Кураховка',06237,380,2),
(N'Курахово',06278,380,2),
(N'Курган',05445,380,2),
(N'Курень',04635,380,2),
(N'Курицино',06269,380,2),
(N'Куровичи',03265,380,2),
(N'КурячьиЛозы',05133,380,2),
(N'Кутейниково',06259,380,2),
(N'Кутузовка',057,380,2),
(N'Куты',03478,380,2),
(N'Кухарка',04636,380,2),
(N'Куцовка',05241,380,2),
(N'Куцуруб',05154,380,2),
(N'Кучиновка',04654,380,2),
(N'Кучурган',04853,380,2),
(N'Кушница',03144,380,2),
(N'Лавочное',03251,380,2),
(N'Лавриков',03252,380,2),
(N'Лавров',0332,380,2),
(N'Ладан',04637,380,2),
(N'Ладыжин',04343,380,2),
(N'Ладыжинка',04744,380,2),
(N'Лазорки',05357,380,2),
(N'Лазурное',05537,380,2),
(N'Лазы',03134,380,2),
(N'Ланная',05346,380,2),
(N'Лановцы',03549,380,2),
(N'Ланчин',03475,380,2),
(N'Лапаевка',03230,380,2),
(N'Ларино',062,380,2),
(N'Лебединцы',04639,380,2),
(N'Лебяжье',05761,380,2),
(N'Левадовка',04857,380,2),
(N'Левенцовка',05693,380,2),
(N'Левинцы',03732,380,2),
(N'Ленковцы',03732,380,2),
(N'Леоновка',04591,380,2),
(N'Лепетиха',05168,380,2),
(N'Лепляво',04736,380,2),
(N'Лески',04855,380,2),
(N'Лесники',04598,380,2),
(N'Лесное',0522,380,2),
(N'Лесовичи',04566,380,2),
(N'Леськи',0472,380,2),
(N'Летава',03859,380,2),
(N'Летичев',03857,380,2),
(N'Летки',04594,380,2),
(N'Летковка',04343,380,2),
(N'Летня',03244,380,2),
(N'Леточки',04594,380,2),
(N'Лецки',04567,380,2),
(N'Лешня',03244,380,2),
(N'Лещинка',04573,380,2),
(N'Лиговка',05762,380,2),
(N'Лиманка',048,380,2),
(N'Лиманское',04853,380,2),
(N'Лиманы',0512,380,2),
(N'Лимна',03269,380,2),
(N'Линовица',04637,380,2),
(N'Липины',0332,380,2),
(N'Липковатовка',05740,380,2),
(N'Липно',03365,380,2),
(N'Липняжка',05253,380,2),
(N'ЛиповаяДолина',05452,380,2),
(N'Липцы',057,380,2),
(N'Липча',03142,380,2),
(N'Липянка',04741,380,2),
(N'Лисец',03436,380,2),
(N'Лисиничи',03230,380,2),
(N'Лисичанск',06451,380,2),
(N'Лисичье',06259,380,2),
(N'ЛисичьяБалка',04742,380,2),
(N'Листвин',04148,380,2),
(N'Листвянка',06162,380,2),
(N'Лисянка',04749,380,2),
(N'Лисятичи',03245,380,2),
(N'Литвинец',04736,380,2),
(N'Литвиновка',04596,380,2),
(N'Литин',04347,380,2),
(N'Лихачов',04642,380,2),
(N'Лиховка',05651,380,2),
(N'Лихолеты',04739,380,2),
(N'Лобачи',05363,380,2),
(N'Логвин',04469,380,2),
(N'Лозно-Александровка',06462,380,2),
(N'Лозоватка',0564,380,2),
(N'Лозовая',05745,380,2),
(N'Лозовик',04578,380,2),
(N'Лозовое',03845,380,2),
(N'ЛозовойЯр',04575,380,2),
(N'Лозовский',06473,380,2),
(N'Локачи',03374,380,2),
(N'Локнистое',04644,380,2),
(N'Лолин',03477,380,2),
(N'Ломачинцы',03739,380,2),
(N'Лопатин',03255,380,2),
(N'Лопушна',03730,380,2),
(N'Лосиновка',04631,380,2),
(N'Лосятин',04571,380,2),
(N'Лоташово',04731,380,2),
(N'Лохвица',05356,380,2),
(N'Лохово',03131,380,2),
(N'Лоцкино',05158,380,2),
(N'Лошкарёвка',05662,380,2),
(N'Лубны',05361,380,2),
(N'Лубянка',04577,380,2),
(N'Луганка',05237,380,2),
(N'ЛУГАНСК',0642,380,2),
(N'Луги',04351,380,2),
(N'Лугины',04161,380,2),
(N'Лужаны',03736,380,2),
(N'Лузановка',04732,380,2),
(N'Лука',04566,380,2),
(N'Лукавца',03730,380,2),
(N'Лука-Мелешковская',0432,380,2),
(N'Лукановка',05133,380,2),
(N'Лукашёво',061,380,2),
(N'Лукашовка',04746,380,2),
(N'Луково',06279,380,2),
(N'Лутовиновка',05342,380,2),
(N'Лутугино',06436,380,2),
(N'ЛУЦК',0332,380,2),
(N'Лысаягора',05161,380,2),
(N'Лысогорка',03857,380,2),
(N'Лысянка',04749,380,2),
(N'Лычково',05691,380,2),
(N'Лыще',0332,380,2),
(N'ЛЬВОВ',032,380,2),
(N'Львово',05546,380,2),
(N'Любар',04147,380,2),
(N'Любарцы(Бориспольскийрайон)',04595,380,2),
(N'Любашёвка',04864,380,2),
(N'Любеч',04641,380,2),
(N'Любешов',03362,380,2),
(N'Люблинец',03352,380,2),
(N'Любовка',05756,380,2),
(N'Любомль',03377,380,2),
(N'Люботин',057,380,2),
(N'Любша',03239,380,2),
(N'Лютеж',04596,380,2),
(N'ЛютенскиеБудища',05353,380,2),
(N'Лютенька',05354,380,2),
(N'Лютовиска',03238,380,2),
(N'Люцерна',06143,380,2),
(N'Люча',03478,380,2),
(N'Ляшковка',05690,380,2),
(N'Магала',03733,380,2),
(N'Магдалиновка',05691,380,2),
(N'Магеров',03252,380,2),
(N'Мазинки',04567,380,2),
(N'Мазурово',05133,380,2),
(N'Майорское',04860,380,2),
(N'Майское',05663,380,2),
(N'Макарево',03131,380,2),
(N'Макаров',04578,380,2),
(N'Макарово',06472,380,2),
(N'Макив',03858,380,2),
(N'Маковище',04578,380,2),
(N'Макошино',04644,380,2),
(N'МаксимаГорького',06131,380,2),
(N'Максимильяновка',06278,380,2),
(N'Максимовичи',04592,380,2),
(N'МалаяБелозёрка',06175,380,2),
(N'МалаяБуромка',04739,380,2),
(N'МалаяВиска',05258,380,2),
(N'МалаяДаниловка',05763,380,2),
(N'МалаяДевица',04637,380,2),
(N'МалаяКаратуль',04567,380,2),
(N'МалаяЛепетиха',05543,380,2),
(N'МалаяМечетня',05133,380,2),
(N'МалаяНехвороща',05364,380,2),
(N'МалаяОльшанка',04572,380,2),
(N'МалаяПерещепина',05344,380,2),
(N'МалаяСевастьяновка',04745,380,2),
(N'МалаяСнетинка',04565,380,2),
(N'МалаяСолтановка',04571,380,2),
(N'Малево',03637,380,2),
(N'Малеевка',05168,380,2),
(N'Малехов',03252,380,2),
(N'Малин',04133,380,2),
(N'Малинск',03653,380,2),
(N'Малодолинское',04668,380,2),
(N'Малокатериновка',061,380,2),
(N'Малокаховка',05536,380,2),
(N'Маломихайловка',05638,380,2),
(N'Малоянисоль',06246,380,2),
(N'МалыеЛисовцы',04568,380,2),
(N'МалыйБерёзный',03135,380,2),
(N'Малютянка',04598,380,2),
(N'Мамаивцы',03736,380,2),
(N'Мамалыга',03733,380,2),
(N'Мангуш',06297,380,2),
(N'Маневичи',03376,380,2),
(N'Манжелия',05365,380,2),
(N'Манява',03471,380,2),
(N'Маразлиевка',04849,380,2),
(N'Марганец',05665,380,2),
(N'Мариуполь',0629,380,2),
(N'Маркополь',03266,380,2),
(N'Мартово',04859,380,2),
(N'Мартовое',05765,380,2),
(N'Мартоноша',05256,380,2),
(N'Мартусовка',04595,380,2),
(N'Марьянское',05656,380,2),
(N'Масловка',04574,380,2),
(N'Матусов',04741,380,2),
(N'Матюши',04563,380,2),
(N'Махновка',04342,380,2),
(N'Машевка',05364,380,2),
(N'Машево',04659,380,2),
(N'МедвежьеУшко',0432,380,2),
(N'Медвин',04561,380,2),
(N'Меденичи',03244,380,2),
(N'Меджибож',03857,380,2),
(N'Межгорье',03146,380,2),
(N'Межевая',05630,380,2),
(N'Межиречье',03257,380,2),
(N'Мезеновка',05459,380,2),
(N'Мелиоративное',05693,380,2),
(N'Мелитополь',0619,380,2),
(N'Мелиховка',05740,380,2),
(N'Меловое',06465,380,2),
(N'Мельница-Подольская',03541,380,2),
(N'Мена',04644,380,2),
(N'Мерефа',057,380,2),
(N'Мешково-Погорелово',0512,380,2),
(N'Мигия',05161,380,2),
(N'Мигово',03730,380,2),
(N'Миженец',03238,380,2),
(N'Мизоч',03652,380,2),
(N'Микулинцы',03551,380,2),
(N'Микуличин',03434,380,2),
(N'Милая',04598,380,2),
(N'Милиево',03730,380,2),
(N'Милорадово',05350,380,2),
(N'Милятичи',03230,380,2),
(N'Минай',03122,380,2),
(N'Миргород',05355,380,2),
(N'Мирноград',06239,380,2),
(N'Мировка',04573,380,2),
(N'МирогощаПервая',03656,380,2),
(N'Мироновский',06249,380,2),
(N'Мирополь',04146,380,2),
(N'Мирополье',05459,380,2),
(N'Мироцкое',04597,380,2),
(N'Мисайловка',04561,380,2),
(N'Михайлики',05352,380,2),
(N'Михайловка-Рубежовка',04597,380,2),
(N'Михайло-Коцюбинское',0462,380,2),
(N'Михалково',03739,380,2),
(N'Михальча',03735,380,2),
(N'Мичурина',06138,380,2),
(N'Мичурино',06279,380,2),
(N'Мишкина-Погорелово',0512,380,2),
(N'МишуринРог',05658,380,2),
(N'Млиев',04734,380,2),
(N'Млинов',03659,380,2),
(N'Млыниска',03239,380,2),
(N'Многополье',06259,380,2),
(N'Могилёв',05690,380,2),
(N'Могилёв-Подольский',04337,380,2),
(N'Могильное',05254,380,2),
(N'Могиляны',03654,380,2),
(N'Модрычи',03244,380,2),
(N'Моквин',03653,380,2),
(N'МокраяКалигорка',04742,380,2),
(N'Мокрец',04594,380,2),
(N'Молога',04849,380,2),
(N'Молодецкое',04748,380,2),
(N'Молодия',03734,380,2),
(N'Молодогвардейск',06435,380,2),
(N'Молочанск',06178,380,2),
(N'Монастирище',04633,380,2),
(N'Монастырец',03231,380,2),
(N'Монастыриска',03555,380,2),
(N'Монастырище',04746,380,2),
(N'Моринцы',04740,380,2),
(N'Морозовка',04576,380,2),
(N'Моршин',03260,380,2),
(N'Москаленки',04739,380,2),
(N'Моспино',0622,380,2),
(N'Мостиска',03234,380,2),
(N'МостискаВторые',03234,380,2),
(N'Мостки',06471,380,2),
(N'Мостовое',05152,380,2),
(N'Мотыжин',04578,380,2),
(N'Мошанец',03732,380,2),
(N'Мошны',0472,380,2),
(N'Мошорино',05233,380,2),
(N'Мошуров',04731,380,2),
(N'Мрин',04642,380,2),
(N'Музыковка',05547,380,2),
(N'Музычи',04598,380,2),
(N'Мукачево',03131,380,2),
(N'Мурованое',03238,380,2),
(N'МурованыеКуриловцы',04356,380,2),
(N'Мусиевка',05362,380,2),
(N'Мутин',05453,380,2),
(N'Мшана',03231,380,2),
(N'Мшанец',03551,380,2),
(N'Мыловое',05546,380,2),
(N'Навария',03230,380,2),
(N'Нагорная',04747,380,2),
(N'Нагорное',04840,380,2),
(N'Нагорянка',03552,380,2),
(N'Нагуевичи',03244,380,2),
(N'Надворная',03475,380,2),
(N'Надиев',03477,380,2),
(N'Надиевка',05669,380,2),
(N'Надросевка',04569,380,2),
(N'Надъярное',0542,380,2),
(N'Накваша',03266,380,2),
(N'Народичи',04140,380,2),
(N'Насташка',04562,380,2),
(N'Наталино',05744,380,2),
(N'Наумовка',04657,380,2),
(N'Небелица',04578,380,2),
(N'Неветленфолу',03141,380,2),
(N'Негрово',03144,380,2),
(N'Недайвода',0564,380,2),
(N'Недобоевцы',03731,380,2),
(N'Недригайлов',05455,380,2),
(N'Нежин',04631,380,2),
(N'Нежинское',04631,380,2),
(N'Нежухов',03245,380,2),
(N'Нелиповцы',03732,380,2),
(N'Немешаево',04577,380,2),
(N'Немиринци',04138,380,2),
(N'Немовичи',03655,380,2),
(N'Ненадиха',04560,380,2),
(N'Неопалимовка',0522,380,2),
(N'Неполоковцы',03736,380,2),
(N'Нересница',03134,380,2),
(N'Нерубайское',0482,380,2),
(N'Нерушай',04844,380,2),
(N'Нестерварка',04335,380,2),
(N'Нестеровка',04748,380,2),
(N'Нетеребка',04735,380,2),
(N'Нетешин',03842,380,2),
(N'Нехаевка',04656,380,2),
(N'Нехайки',04738,380,2),
(N'Нехвороща',05344,380,2),
(N'Нечаянное',0512,380,2),
(N'Нещеретово',06462,380,2),
(N'НиваТрудовая',05656,380,2),
(N'Нивицы',03255,380,2),
(N'Нижанковичи',03238,380,2),
(N'Нижнев',03479,380,2),
(N'Нижнее',06455,380,2),
(N'НижнееСелище',03142,380,2),
(N'НижнееСолотвино',03134,380,2),
(N'Нижнетёплое',06472,380,2),
(N'НижниеВорота',03136,380,2),
(N'НижниеПетровцы',03735,380,2),
(N'НижниеСерогозы',05540,380,2),
(N'НижниеСтановци',03736,380,2),
(N'НижниеТоргаи',05540,380,2),
(N'НижнийБерезов',03478,380,2),
(N'НижнийВербиж',03433,380,2),
(N'НижнийСтрутинь',03474,380,2),
(N'НижняяАпша',03134,380,2),
(N'НижняяДуванка',06471,380,2),
(N'НижняяКрынка',06232,380,2),
(N'НижняяСтынава',03245,380,2),
(N'НижняяСыроватка',0542,380,2),
(N'НижняяХортица',061,380,2),
(N'НижняяЯблонька',03269,380,2),
(N'НизшаяДубечня',04596,380,2),
(N'Низы',0542,380,2),
(N'Никитинцы',0342,380,2),
(N'НИКОЛАЕВ',0512,380,2),
(N'Николаевское',0512,380,2),
(N'Николо-Гулак',05164,380,2),
(N'Николо-Камышеватая',05744,380,2),
(N'Никольское(Волновахскийрайон)',06244,380,2),
(N'Никольское-на-Днепре',05669,380,2),
(N'Нисмичи',03257,380,2),
(N'Ничипоровка',04575,380,2),
(N'НоваяАлександровка',04570,380,2),
(N'НоваяБасань',04632,380,2),
(N'НоваяБоровая',04145,380,2),
(N'НоваяВодолага',05740,380,2),
(N'НоваяГалещина',05342,380,2),
(N'НоваяГребля',04737,380,2),
(N'НоваяДолина',04851,380,2),
(N'НоваяДофиновка',04855,380,2),
(N'НоваяЖизнь',04739,380,2),
(N'НоваяЗбурьевка',05539,380,2),
(N'НоваяЗнаменка',0536,380,2),
(N'НоваяКаховка',05549,380,2),
(N'НоваяМаячка',05542,380,2),
(N'НоваяНиколаевка',05757,380,2),
(N'НоваяОдесса',05167,380,2),
(N'НоваяПрага',05235,380,2),
(N'НоваяУшица',03847,380,2),
(N'Новгородка',05241,380,2),
(N'Новгород-Северский',04658,380,2),
(N'Новица',03472,380,2),
(N'Новоазовск',06296,380,2),
(N'Новоайдар',06445,380,2),
(N'Новоалексеевка',05534,380,2),
(N'Новоандреевка',06244,380,2),
(N'Новоархангельск',0255,380,2),
(N'Новобелая',06463,380,2),
(N'Новобогдановка',0619,380,2),
(N'Нововасильевка',06133,380,2),
(N'Нововладимировка',05168,380,2),
(N'Нововодяное',06138,380,2),
(N'Нововолынск',03344,380,2),
(N'Нововоронцовка',05533,380,2),
(N'Новогоровка',06178,380,2),
(N'Новоград-Волынский',04141,380,2),
(N'Новогуйвинское',0412,380,2),
(N'Новодарьевка',06433,380,2),
(N'Новодмитровка',05151,380,2),
(N'Новоднепровка',06138,380,2),
(N'Новоднестровск',03741,380,2),
(N'Новодонецкое',06277,380,2),
(N'Новодружеск',06451,380,2),
(N'Новое',0522,380,2),
(N'НовоеДавыдково',03131,380,2),
(N'НовоеЗалесье',04577,380,2),
(N'НовоеЗапорожье',0612,380,2),
(N'НовоеСело',03143,380,2),
(N'Новоиверское',06269,380,2),
(N'Новоивницкое',04136,380,2),
(N'Новоигоревка',05239,380,2),
(N'Новокарбовка',04864,380,2),
(N'Новокрасное',05138,380,2),
(N'Новомайское',0564,380,2),
(N'Новомарьевка',05669,380,2),
(N'Новомиргород',05256,380,2),
(N'Новомихайловка',06278,380,2),
(N'Новомосковск',05693,380,2),
(N'Новоореховка',05361,380,2),
(N'Новооржицкое',05357,380,2),
(N'Новоосиново',05742,380,2),
(N'Новоочаков',05168,380,2),
(N'Новопетриковка',06243,380,2),
(N'Новопетровское',05167,380,2),
(N'Новоподкряж',05690,380,2),
(N'Новополье',0564,380,2),
(N'Новопсков',06463,380,2),
(N'Новорайск',05546,380,2),
(N'Новосевастополь',05162,380,2),
(N'Новоселидовка',06278,380,2),
(N'Новоселище',03265,380,2),
(N'Новосельское',04840,380,2),
(N'Новосёлки',045,380,2),
(N'Новосёлки-Опарские',03241,380,2),
(N'НовосёловкаПервая',06236,380,2),
(N'Новоставцы',03844,380,2),
(N'Новостепановка',06269,380,2),
(N'Новотошковское',06446,380,2),
(N'Новофастов',04346,380,2),
(N'Новохристофоровка',05151,380,2),
(N'Новоюльевка',05693,380,2),
(N'Новоюрьевка',0512,380,2),
(N'Новояворовск',03256,380,2),
(N'НовыеБелокоровичи',04135,380,2),
(N'НовыеБеляры',048,380,2),
(N'НовыеБоровичи',04654,380,2),
(N'НовыеБросковцы',03735,380,2),
(N'НовыеВеледники',04148,380,2),
(N'НовыеМлины',04653,380,2),
(N'НовыеПетровцы',045,380,2),
(N'НовыеСтрелища',03239,380,2),
(N'НовыеТрояны',04846,380,2),
(N'НовыеЯриловичи',04641,380,2),
(N'НовыйБуг',05151,380,2),
(N'НовыйБыков',04632,380,2),
(N'НовыйВитков',03255,380,2),
(N'НовыйКалинов',03236,380,2),
(N'НовыйКорогод',04477,380,2),
(N'НовыйРоздол',03261,380,2),
(N'НовыйСтародуб',05237,380,2),
(N'НовыйЯрычев',03254,380,2),
(N'Норинск',04148,380,2),
(N'Норинцы',04140,380,2),
(N'Носковцы',04332,380,2),
(N'Обертин',03479,380,2),
(N'Обмачев',04635,380,2),
(N'Ободовка',04343,380,2),
(N'Обозновка',05365,380,2),
(N'Оболонь',05341,380,2),
(N'Оболонья',04656,380,2),
(N'Ображиевка',05449,380,2),
(N'Оброшино',03230,380,2),
(N'Обрыв',06296,380,2),
(N'Обтово',05453,380,2),
(N'Обухов',04572,380,2),
(N'Обуховичи',04591,380,2),
(N'Обуховка',056,380,2),
(N'Овидиополь',04851,380,2),
(N'Овруч',04148,380,2),
(N'Огиевка',05762,380,2),
(N'Оглядов',03255,380,2),
(N'Огородная',04645,380,2),
(N'Огородное',04846,380,2),
(N'ОДЕССА',048,380,2),
(N'Оженин',03654,380,2),
(N'Оздов',0332,380,2),
(N'Озера',05343,380,2),
(N'Озеро',03634,380,2),
(N'Озеряны',04632,380,2),
(N'Окно',03737,380,2),
(N'Окны',04861,380,2),
(N'Оконск',03376,380,2),
(N'Оксанина',04744,380,2),
(N'Олевск',04135,380,2),
(N'Олеско',03264,380,2),
(N'Олеша',03479,380,2),
(N'Олешник',03143,380,2),
(N'Олиево-Королевка',03430,380,2),
(N'Олишевка',0462,380,2),
(N'Олыка',03365,380,2),
(N'Ольгинка',06244,380,2),
(N'Ольгино',05544,380,2),
(N'Ольгополь',04351,380,2),
(N'Ольховая',057,380,2),
(N'Ольховец',04740,380,2),
(N'Ольховка',03144,380,2),
(N'Ольховое',06472,380,2),
(N'Ольховцы',03134,380,2),
(N'Ольховцы-Лазы',03134,380,2),
(N'Ольшаница',04562,380,2),
(N'Ольшанка',05250,380,2),
(N'Ольшанское',0512,380,2),
(N'Ольшаны',05763,380,2),
(N'Омельник',0536,380,2),
(N'Оникеево',05258,380,2),
(N'Ониськова',05133,380,2),
(N'Онищенки',05363,380,2),
(N'Онок',03143,380,2),
(N'Оноковцы',0312,380,2),
(N'Оноприевка',04731,380,2),
(N'Онут',03737,380,2),
(N'Онуфриевка',05238,380,2),
(N'Опоры',03244,380,2),
(N'Опошня',05353,380,2),
(N'Опришены',03734,380,2),
(N'Оратов',04330,380,2),
(N'Ордановка',05351,380,2),
(N'Ордо-Васильевка',05650,380,2),
(N'Орелька',05745,380,2),
(N'Орехов',06141,380,2),
(N'Ореховка',04846,380,2),
(N'Оржев',0362,380,2),
(N'Оржица',05357,380,2),
(N'Орловец',04734,380,2),
(N'Орловщина',05693,380,2),
(N'Орлы',05638,380,2)
insert into [slugDtB].[dbo].[Cities](Title, CitiesCode, CountryCode, Language)
values
(N'Оршанец',0472,380,2),
(N'Оршевцы',03736,380,2),
(N'Осиевка',0432,380,2),
(N'Осипенко',06153,380,2),
(N'Оскол',05743,380,2),
(N'Осламов',03846,380,2),
(N'Осоевка',05459,380,2),
(N'Осокоровка',05533,380,2),
(N'Остаповка',04636,380,2),
(N'Остёр',04646,380,2),
(N'Острица',03740,380,2),
(N'Островец',04744,380,2),
(N'Острог',03654,380,2),
(N'Острожаны',04747,380,2),
(N'Острожец',03659,380,2),
(N'Остролучье',04476,380,2),
(N'Осыково',04578,380,2),
(N'Отрадное',061,380,2),
(N'Отрадовка',05548,380,2),
(N'Отыния',03433,380,2),
(N'Охиньки',04637,380,2),
(N'Охматов',04747,380,2),
(N'Охочее',05740,380,2),
(N'Охрамиевичи',04657,380,2),
(N'Охримовка',06131,380,2),
(N'Очаков',05154,380,2),
(N'Очеретино',06236,380,2),
(N'Очеретня',05133,380,2),
(N'Павлов',03255,380,2),
(N'ПавловкаВторая',05745,380,2),
(N'Павлоград',05632,380,2),
(N'Павлыш',05238,380,2),
(N'Паланка',04744,380,2),
(N'Пальчик',04742,380,2),
(N'Пальчиковка',0532,380,2),
(N'Панка',03735,380,2),
(N'Пантаевка',05235,380,2),
(N'Пантелеймоновка',06242,380,2),
(N'Панфилы',04575,380,2),
(N'Панютино',05745,380,2),
(N'Парасковиевка',06274,380,2),
(N'Парафиевка',04633,380,2),
(N'Партизанское',056,380,2),
(N'Пархомовка',05756,380,2),
(N'Пасеки-Зубрицкие',03230,380,2),
(N'Пасечная',03475,380,2),
(N'Пашковка',04578,380,2),
(N'Пеньковка',04332,380,2),
(N'Пеняки',03266,380,2),
(N'Перебыковцы',03731,380,2),
(N'Перевальск',06441,380,2),
(N'Перегинское',03474,380,2),
(N'Перекоповка',05448,380,2),
(N'Перемышляны',03263,380,2),
(N'Перервинцы',04738,380,2),
(N'Переросль',03475,380,2),
(N'Пересадовка',0512,380,2),
(N'Переселение',04573,380,2),
(N'Пересечное',05763,380,2),
(N'Перечин',03145,380,2),
(N'Перещепино',05693,380,2),
(N'Переяславское',04567,380,2),
(N'Переяслав-Хмельницкий',04567,380,2),
(N'Перковцы',03732,380,2),
(N'Пески-Радьковские',05759,380,2),
(N'Песковка',04577,380,2),
(N'Песочин',057,380,2),
(N'Песочная',03241,380,2),
(N'Песчаная',04866,380,2),
(N'Песчанка',04349,380,2),
(N'Петраковка',04742,380,2),
(N'Петриков',0352,380,2),
(N'Петриковка',05634,380,2),
(N'Петричанка',03734,380,2),
(N'Петроверовка',04858,380,2),
(N'Петровка-Роменская',05354,380,2),
(N'Петрово-Красноселье',06432,380,2),
(N'Петровцы',05355,380,2),
(N'Петродолинское',04851,380,2),
(N'Петро-Михайловка',06143,380,2),
(N'ПетропавловскаяБорщаговка',04598,380,2),
(N'Петрополье',05751,380,2),
(N'Печенеги',05765,380,2),
(N'Печенежин',03433,380,2),
(N'Печенюги',04658,380,2),
(N'Пивничное',06247,380,2)

insert into [slugDtB].[dbo].[Cities](Title, CitiesCode, CountryCode, Language)
values
(N'Пии',04574,380,2),
(N'Пийтерфолво',03143,380,2),
(N'Пилиповичи',04477,380,2),
(N'Пирново',04596,380,2),
(N'Пирятин',05358,380,2),
(N'Пискошино',06136,380,2),
(N'Пистынь',03478,380,2),
(N'Письменное',05639,380,2),
(N'Пища',03355,380,2),
(N'Плавинище',05448,380,2),
(N'Платоново',04861,380,2),
(N'Плахтиевка',04848,380,2),
(N'Плесецкое',04571,380,2),
(N'Плетеневка',05741,380,2),
(N'ПлетеныйТашлык',05258,380,2),
(N'Плешивец',05354,380,2),
(N'Плиски',04653,380,2),
(N'Плисков',04346,380,2),
(N'Плодородное',06132,380,2),
(N'Плотыча',0352,380,2),
(N'Плужное',03852,380,2),
(N'Пляковка',04732,380,2),
(N'Пляховая',04343,380,2),
(N'Пляшевка',03633,380,2),
(N'Побережка',04561,380,2),
(N'Побережье',03436,380,2),
(N'Побугское',05252,380,2),
(N'Погорельцы',04659,380,2),
(N'Погребы',04494,380,2),
(N'Погребыще',04346,380,2),
(N'Подбуж',03244,380,2),
(N'Подвиноградов',03143,380,2),
(N'Подволочиск',03543,380,2),
(N'Подворки',05763,380,2),
(N'Подворное',03733,380,2),
(N'Подворьевка',03732,380,2),
(N'Подвысокое',05255,380,2),
(N'Подгайчики',03433,380,2),
(N'Подгорное',056,380,2),
(N'Подгородная',05161,380,2),
(N'Подгородное',056,380,2),
(N'Подгородцы',03251,380,2),
(N'Подкамень',03244,380,2),
(N'Подлесье',03436,380,2),
(N'Подмихайлье',03422,380,2),
(N'Подобная',04748,380,2),
(N'Подольск',04862,380,2),
(N'Подольское',04737,380,2),
(N'Подорожное',03245,380,2),
(N'Подпечеры',03436,380,2),
(N'Подрясное',03259,380,2),
(N'Покалев',04148,380,2),
(N'Покотиловка',057,380,2),
(N'Покошичи',04656,380,2),
(N'Покров',05667,380,2),
(N'Покровск',06239,380,2),
(N'ПокровскаяБогачка',05362,380,2),
(N'Покрышев',04162,380,2),
(N'Полесское',03346,380,2),
(N'Поливановка',05691,380,2),
(N'Полицы',03634,380,2),
(N'Пологи-Вергуны',04567,380,2),
(N'Полонное',03843,380,2),
(N'ПОЛТАВА',0532,380,2),
(N'Полянецкое',04744,380,2),
(N'Поляница',03434,380,2),
(N'Поляхово',03844,380,2),
(N'Помокли',04567,380,2),
(N'Поморяны',03265,380,2),
(N'Помошная',05253,380,2),
(N'Пониква',03266,380,2),
(N'Пониковица',03266,380,2),
(N'Понинка',03843,380,2),
(N'Понорница',04656,380,2),
(N'Попасная',06474,380,2),
(N'Попельники',03476,380,2),
(N'Попельня',04137,380,2),
(N'Попелюхи',04349,380,2),
(N'Попудня',04746,380,2),
(N'Поромов',03372,380,2),
(N'Постоловка',03557,380,2),
(N'Посуньки',05658,380,2),
(N'Потиевка',04132,380,2),
(N'Поток',04574,380,2),
(N'Потоки',0536,380,2),
(N'Поториця',03257,380,2),
(N'Поховка',03471,380,2),
(N'Почаев',03546,380,2),
(N'Почаевка',05359,380,2),
(N'Прелестное',0626,380,2),
(N'Преображенка',05530,380,2),
(N'Преслав',06137,380,2),
(N'Приазовское',06133,380,2),
(N'Приборск',04591,380,2),
(N'Прибугское',0512,380,2),
(N'Прибужаны',05134,380,2),
(N'Прибужье',05152,380,2),
(N'Приволье',06451,380,2),
(N'Пригородное',05662,380,2),
(N'Приднепровское',04739,380,2),
(N'Приколотное',0575298,380,2),
(N'Прилесное',03376,380,2),
(N'Прилиманское',04851,380,2),
(N'Прилуки',04637,380,2),
(N'Приморск',06137,380,2),
(N'Приморское',05539,380,2),
(N'Приютовка',05235,380,2),
(N'Прогресс',04646,380,2),
(N'Пролетарский',06433,380,2),
(N'Пролетарское',06232,380,2),
(N'Пролиски',04595,380,2),
(N'Просяная',05638,380,2),
(N'Прохоровка',04736,380,2),
(N'Процев',04595,380,2),
(N'Прудянка',05763,380,2),
(N'Прыстромы',04567,380,2),
(N'Прядовка',05690,380,2),
(N'Пугачовка',04747,380,2),
(N'Пузиково',05365,380,2),
(N'Пукеничи',03245,380,2),
(N'Пуков',03435,380,2),
(N'Пулины',04131,380,2),
(N'Пустовиты',04574,380,2),
(N'Пустомыты',03230,380,2),
(N'Путивль',05442,380,2),
(N'Путила',03738,380,2),
(N'Пуховка',04594,380,2),
(N'Пшеничники',03436,380,2),
(N'Пядики',03433,380,2),
(N'Пятигорское',05749,380,2),
(N'Пятигоры',04560,380,2),
(N'Рава-Русская',03252,380,2),
(N'Раденск',05542,380,2),
(N'Радехов',03255,380,2),
(N'Радивилов',03633,380,2),
(N'Радивоновка',05345,380,2),
(N'Радинка',04592,380,2),
(N'Радионовка',0564,380,2),
(N'Радомка',04659,380,2),
(N'Радомышль',04132,380,2),
(N'Радостное',04854,380,2),
(N'Радужное',05651,380,2),
(N'Радуль',04641,380,2),
(N'Радушное',0564,380,2),
(N'Радча',04140,380,2),
(N'Раевка',05663,380,2),
(N'Раздельная',04853,380,2),
(N'Раздоры',05663,380,2),
(N'Райгород',04732,380,2),
(N'Райгородка',06445,380,2),
(N'Райское',05549,380,2),
(N'Раков',03477,380,2),
(N'Раковец',03430,380,2),
(N'Ракошино',03131,380,2),
(N'Ралевка',03236,380,2),
(N'РаннееУтро',0564,380,2),
(N'Рассоховатка',04742,380,2),
(N'Рассошенцы',0532,380,2),
(N'Рассыпное',06254,380,2),
(N'Ратно',03310,380,2),
(N'Рауховка',04856,380,2),
(N'Рафаловка',03634,380,2),
(N'Рахновка',03858,380,2),
(N'Рахны-Лесовые',04344,380,2),
(N'Рахов',03132,380,2),
(N'Рацево',04730,380,2),
(N'Рашевка',05354,380,2),
(N'Ревбинцы',04739,380,2),
(N'Редковцы',03733,380,2),
(N'Реклинець',03257,380,2),
(N'Ременов',03254,380,2),
(N'Рени',04840,380,2),
(N'Репки',04641,380,2),
(N'Репужинцы',03737,380,2),
(N'Речки',05443,380,2),
(N'Решетиловка',05363,380,2),
(N'Ржавинцы',03737,380,2),
(N'Ржавчик',05748,380,2),
(N'Ржищев',04573,380,2),
(N'Рихтичи',03244,380,2),
(N'Рованцы',03327,380,2),
(N'Ровеньки',06433,380,2),
(N'РОВНО',0362,380,2),
(N'Ровнополь',06244,380,2),
(N'Ровчак-Степановка',04642,380,2),
(N'Рогань',057,380,2),
(N'Рогатин',03435,380,2),
(N'Роги',04748,380,2),
(N'Рогозов',04595,380,2),
(N'Родаково',06473,380,2),
(N'Родатичи',03231,380,2),
(N'Родниковка',04744,380,2),
(N'Рождественское',04656,380,2),
(N'Рожевка',04594,380,2),
(N'Рожище',03368,380,2),
(N'Рожновка',04633,380,2),
(N'Рожны',04594,380,2),
(N'Рожнятов',03474,380,2),
(N'Рожнятовка',04348,380,2),
(N'Розбышевка',05354,380,2),
(N'Розвадов',03241,380,2),
(N'Розважев',04591,380,2),
(N'Розквит',04856,380,2),
(N'Рокини',0332,380,2),
(N'Рокоссово',03142,380,2),
(N'Роксоланы',04851,380,2),
(N'Романковцы',03739,380,2),
(N'Романов',04146,380,2),
(N'РомановаяБалка',05161,380,2),
(N'Романовка',04731,380,2),
(N'Ромашки',04562,380,2),
(N'Ромны',05448,380,2),
(N'Ромодан',05355,380,2),
(N'Ропотуха',04744,380,2),
(N'Ропча',03735,380,2),
(N'Росава',04574,380,2),
(N'Роскошевка',04353,380,2),
(N'Росошаны',03732,380,2),
(N'Россошенцы',0532,380,2),
(N'Ростоки',03738,380,2),
(N'Ротмистровка',04733,380,2),
(N'Рубановка',05543,380,2),
(N'Рубцы',06261,380,2),
(N'Рудка',05359,380,2),
(N'Рудки',03236,380,2),
(N'Рудники',03241,380,2),
(N'Рудница',04349,380,2),
(N'Рудно',0322,380,2),
(N'Рудовка',04637,380,2),
(N'Рудьковка',04632,380,2),
(N'Ружин',04138,380,2),
(N'Ружичанка',0382,380,2),
(N'Рукшин',03731,380,2),
(N'Руновщина',05761,380,2),
(N'РусскаяЛозовая',05763,380,2),
(N'РусскаяПоляна',0472,380,2),
(N'РусскоеПоле',03134,380,2),
(N'Ручки',05354,380,2),
(N'Рыбаковка',05153,380,2),
(N'Рыбинское',06244,380,2),
(N'Рыбянцево',06463,380,2),
(N'Рыжановка',04740,380,2),
(N'Рыжевка',05443,380,2),
(N'Рыково',05534,380,2),
(N'Рымаровка',05354,380,2),
(N'Рымачи',03377,380,2),
(N'Рынгач',03733,380,2),
(N'Рыхтичи',03244,380,2),
(N'Рябина',05457,380,2),
(N'Рябоконево',05756,380,2),
(N'Рясное-Русское',03259,380,2),
(N'Ряснополь',04856,380,2),
(N'Сабадаш',04747,380,2),
(N'Саврань',04865,380,2),
(N'Савчин',03257,380,2),
(N'Сагайдак',05352,380,2),
(N'Сагуновка',04723,380,2),
(N'Сад',0542,380,2),
(N'Саджавка',03475,380,2),
(N'Саи',05452,380,2),
(N'Саксагань',05651,380,2),
(N'Саливонки',04571,380,2),
(N'СалтыковаДевица',04643,380,2),
(N'Сальково',05254,380,2),
(N'Сальница',04338,380,2),
(N'Сальное',04631,380,2),
(N'Самары',03366,380,2),
(N'Самбор',03236,380,2),
(N'Самотоевка',05459,380,2),
(N'Сапежанка',04344,380,2),
(N'Сарабаш',06253,380,2),
(N'Сарата',04848,380,2),
(N'Сарны',03655,380,2),
(N'Сартана',0629,380,2),
(N'Сары',05354,380,2),
(N'Сасов',03265,380,2),
(N'Сатанов',03851,380,2),
(N'Сатановка',04746,380,2),
(N'Саханка',06296,380,2),
(N'Сахновка',04735,380,2),
(N'Сахновцы',03854,380,2),
(N'Сахновщина',05762,380,2),
(N'Свалява',03133,380,2),
(N'Сварицевичи',03658,380,2),
(N'Сварычев',03474,380,2),
(N'Сватки',05354,380,2),
(N'Сватово',06471,380,2),
(N'Свердловск',06434,380,2),
(N'Свесса',05456,380,2),
(N'Светильня',04594,380,2),
(N'Светловодск',05236,380,2),
(N'Светлогорское',05343,380,2),
(N'Свидовок',0472,380,2),
(N'Свитанок',04567,380,2),
(N'Свободное',06244,380,2),
(N'Святец',03844,380,2),
(N'Святовасильевка',05669,380,2),
(N'Святогоровка',06277,380,2),
(N'Святогорск',06262,380,2),
(N'Святопетровское',04598,380,2),
(N'Себино',05167,380,2),
(N'СЕВАСТОПОЛЬ',0692,380,2),
(N'Севериновка',04578,380,2),
(N'Северодонецк',06452,380,2),
(N'Северск',06274,380,2),
(N'Седнев',0462,380,2),
(N'Седово',06296,380,2),
(N'Секретарка',05133,380,2),
(N'Селекционное',057,380,2),
(N'Селец',03257,380,2),
(N'Селещина',05364,380,2),
(N'Селидово',06237,380,2),
(N'Селище',03739,380,2),
(N'Селятино',03738,380,2),
(N'Семигинов',03245,380,2),
(N'Семиполки',04594,380,2),
(N'Сенча',05356,380,2),
(N'Сеньковка',04645,380,2),
(N'Серафинцы',03430,380,2),
(N'Сербичаны',03739,380,2),
(N'Сергеевка',05354,380,2),
(N'Сердитое',06255,380,2),
(N'Середина-Буда',05451,380,2),
(N'Сереховичи',03346,380,2),
(N'Серники',03632,380,2),
(N'Серпневое',04847,380,2),
(N'Сивашское',05548,380,2),
(N'Сигнаевка',04741,380,2),
(N'Сидоренково',05753,380,2),
(N'Сидоровка',04735,380,2),
(N'СИМФЕРОПОЛЬ',0652,380,2),
(N'Сингуры',0412,380,2),
(N'Синевка',05452,380,2),
(N'Синельниково',05663,380,2),
(N'Синица',04745,380,2),
(N'Синява',04562,380,2),
(N'Синяк',04596,380,2),
(N'Ситковцы',04331,380,2),
(N'Скадовск',05537,380,2),
(N'Скала-Подольская',03541,380,2),
(N'Скалат',03543,380,2),
(N'Скварява',03265,380,2),
(N'Сквира',04568,380,2),
(N'Скибин',04747,380,2),
(N'Скиток',04641,380,2),
(N'Сколе',03251,380,2),
(N'Скоморошки',04330,380,2),
(N'Скорики',03543,380,2),
(N'Скородистик',04739,380,2),
(N'Скороходово',05347,380,2),
(N'Славское',0322,380,2),
(N'Славута',03842,380,2),
(N'Славутич',04579,380,2),
(N'Славянка',05630,380,2),
(N'Славяносербск',06473,380,2),
(N'Славянск',06262,380,2),
(N'Сладкое',06278,380,2),
(N'Слатино',05763,380,2)
insert into [slugDtB].[dbo].[Cities](Title, CitiesCode, CountryCode, Language)
values
(N'Слобода-Шаргородская',04344,380,2),
(N'Слободка',04867,380,2),
(N'Словечно',04148,380,2),
(N'Словита',03265,380,2),
(N'Смела',04733,380,2),
(N'Смелое',05448,380,2),
(N'Смолино',05258,380,2),
(N'Смологовица',03144,380,2),
(N'Смоляниново',06445,380,2),
(N'Смолянка',04643,380,2),
(N'Смордва',03659,380,2),
(N'Сморжов',03255,380,2),
(N'Смыга',03656,380,2),
(N'Снежков',05753,380,2),
(N'Снежное',06256,380,2),
(N'Снигирёвка',05162,380,2),
(N'Сновидовичи',03635,380,2),
(N'Сновичи',03265,380,2),
(N'Сновск',04654,380,2),
(N'Сновянка',0462,380,2),
(N'Снятын',03476,380,2),
(N'Собич',05449,380,2),
(N'Соболевка',04353,380,2),
(N'Сокаль',03257,380,2),
(N'Сокиринцы',04639,380,2),
(N'Сокирница',03142,380,2),
(N'Сокиряны',03739,380,2),
(N'Сокол',03254,380,2),
(N'СоколоваБалка',05344,380,2),
(N'Соколово',05747,380,2),
(N'Соколовское',0522,380,2),
(N'Сокольники',0322,380,2),
(N'Соледар',06274,380,2),
(N'Солёное',05669,380,2),
(N'Сологубовка',04330,380,2),
(N'Солодыри',04145,380,2),
(N'Соломоново',03122,380,2),
(N'Солоницевка',05763,380,2),
(N'Солонка',03230,380,2),
(N'Солотвин',03471,380,2),
(N'Солочин',03133,380,2),
(N'Сосница',04655,380,2),
(N'Соснова',04567,380,2),
(N'Сосновое',03653,380,2),
(N'Сосновый',06471,380,2),
(N'Сотниковка',04575,380,2),
(N'СофиевскаяБорщаговка',04598,380,2),
(N'Софиевский',06432,380,2),
(N'Сошично',03357,380,2),
(N'Сошников',04595,380,2),
(N'Спартак',06236,380,2),
(N'Спас',03474,380,2),
(N'Спасско-Михайловка',06269,380,2),
(N'Сребное',04639,380,2),
(N'Среднее',0312,380,2),
(N'СреднееВодяное',03132,380,2),
(N'СреднийБерезов',03478,380,2),
(N'Стависское',04646,380,2),
(N'Ставки',05163,380,2),
(N'Ставчаны',03731,380,2),
(N'Ставы',04573,380,2),
(N'Стайки',04573,380,2),
(N'Станислав',05547,380,2),
(N'Станиславчик',04332,380,2),
(N'СтаницаЛуганская',06472,380,2),
(N'Станичное',05740,380,2),
(N'Станишовка',0412,380,2),
(N'Становцы',03734,380,2),
(N'СтараяБасань',04632,380,2),
(N'СтараяВыжевка',03346,380,2),
(N'СтараяЖадова',03735,380,2),
(N'СтараяЗбурьевка',05539,380,2),
(N'СтараяКотельня',04136,380,2),
(N'СтараяОржица',04570,380,2),
(N'СтараяСинява',03850,380,2),
(N'СтараяТалалаевка',04634,380,2),
(N'СтараяУшица',03849,380,2),
(N'Старики',04142,380,2),
(N'Старичи',03259,380,2),
(N'Староаврамовка',05362,380,2),
(N'Старобельск',06461,380,2),
(N'Староверовка',05740,380,2),
(N'Старовойтово',03377,380,2),
(N'Старогнатовка',06279,380,2),
(N'Старое',04595,380,2),
(N'СтароеСело',03635,380,2),
(N'Староказачье',04849,380,2),
(N'Староконстантинов',03854,380,2),
(N'Старомихайловка',06278,380,2),
(N'Старомлыновка',06243,380,2),
(N'Староселье',04734,380,2),
(N'СтарыеБабаны',04744,380,2),
(N'СтарыеБезрадичи',04572,380,2),
(N'СтарыеБогородчаны',03471,380,2),
(N'СтарыеБросковцы',03735,380,2),
(N'СтарыеКривотулы',03436,380,2),
(N'СтарыеМаяки',04858,380,2),
(N'СтарыеПетровцы',04596,380,2),
(N'СтарыеТрояны',04843,380,2),
(N'СтарыйБелоус',0462,380,2),
(N'СтарыйДобротвор',03254,380,2),
(N'СтарыйКоврай',04739,380,2),
(N'СтарыйЛисец',03436,380,2),
(N'СтарыйЛюбар',04147,380,2),
(N'СтарыйМерчик',05753,380,2),
(N'СтарыйМизунь',03477,380,2),
(N'СтарыйОстрополь',03854,380,2),
(N'СтарыйСалтов',05741,380,2),
(N'СтарыйСамбор',03238,380,2),
(N'СтарыйТараж',03546,380,2),
(N'Стаси',05351,380,2),
(N'Стаханов',06444,380,2),
(N'Стеблёв',04735,380,2),
(N'Стеблёвка',03142,380,2),
(N'Стебник',03244,380,2),
(N'Стебное',04740,380,2),
(N'Степанки',0472,380,2),
(N'СтепановкаПервая',06133,380,2),
(N'Степано-крынка',06259,380,2),
(N'Степанцы',04736,380,2),
(N'Степань',03655,380,2),
(N'Степковка',04744,380,2),
(N'Степногорск',06175,380,2),
(N'Стецева',03476,380,2),
(N'Стецковка',0542,380,2),
(N'Стецовка',04740,380,2),
(N'Стожковское',06255,380,2),
(N'Столпяги',04567,380,2),
(N'Стольное',04644,380,2),
(N'Стольско',03241,380,2),
(N'Стопчатов',03478,380,2),
(N'Сторожинец',03735,380,2),
(N'Сторожница',0312,380,2),
(N'Стоянка',04598,380,2),
(N'Стоянов',03255,380,2),
(N'Страбичово',03131,380,2),
(N'Стратиевка',04351,380,2),
(N'Страхолесье',04591,380,2),
(N'Стрелки',03238,380,2),
(N'Стрелковичи',03236,380,2),
(N'Стрелковое',05534,380,2),
(N'Стретовка',04573,380,2),
(N'Стрижавка',0432,380,2),
(N'Стрижевка',04130,380,2),
(N'Струмовка',0332,380,2),
(N'Струсов',03551,380,2),
(N'Стрый',03245,380,2),
(N'Стрюково',04857,380,2),
(N'Студенок',05743,380,2),
(N'Студёная',04349,380,2),
(N'Ступичные',04742,380,2),
(N'Стуфчинцы',0382,380,2),
(N'Стыла',06253,380,2),
(N'Субботцы',05233,380,2),
(N'Суботов',04730,380,2),
(N'Сувид',04596,380,2),
(N'Суворово',04841,380,2),
(N'Сугаровское',05762,380,2),
(N'Судилков',03840,380,2),
(N'СудоваяВишня',03234,380,2),
(N'Сукачи',04591,380,2),
(N'Сулимовка',04595,380,2),
(N'СУМЫ',0542,380,2),
(N'Сунки',04733,380,2),
(N'Супоевка',04575,380,2),
(N'Супруновка',0532,380,2),
(N'Сурско-Литовское',0562,380,2),
(N'Сурско-Михайловка',05669,380,2),
(N'Сусваль',03342,380,2),
(N'Суслы',04141,380,2),
(N'Сутиски',04355,380,2),
(N'СухаяГрунь',05452,380,2),
(N'Сухиновка',05343,380,2),
(N'Суховоля',03231,380,2),
(N'Суходольск',06435,380,2),
(N'СухойЛиман',04851,380,2),
(N'Сухорабовка',05363,380,2),
(N'Сучевены',03734,380,2),
(N'Сушковка',04744,380,2),
(N'Сходница',03248,380,2),
(N'Счастливка',05152,380,2),
(N'Счастливцево',05534,380,2),
(N'Счастье',0642,380,2),
(N'Сыняк',03131,380,2),
(N'Сырово',05135,380,2),
(N'Сычавка',04855,380,2),
(N'Табаки',04846,380,2),
(N'Таврийск',05549,380,2),
(N'Тавричанка',05536,380,2),
(N'Таврия',06136,380,2),
(N'Таганча',04736,380,2),
(N'Таирово',048,380,2),
(N'Талаковка',0629,380,2),
(N'Талалаевка',04634,380,2),
(N'Тальное',04731,380,2),
(N'Тальянка',04731,380,2),
(N'Танское',04744,380,2),
(N'Танюшевка',06463,380,2),
(N'Тараканов',03656,380,2),
(N'Тарановка',05747,380,2),
(N'Тарасовцы',03733,380,2),
(N'Тарасовщина',04596,380,2),
(N'Тарашаны',03734,380,2),
(N'Тараща',04566,380,2),
(N'Таромское',0562,380,2),
(N'Тарутино',04847,380,2),
(N'Татарбунары',04844,380,2),
(N'Татарив',03434,380,2),
(N'Таужное',05254,380,2),
(N'Тахтаулово',0532,380,2),
(N'Ташино',05153,380,2),
(N'Твиржа',03234,380,2),
(N'Теково',03143,380,2),
(N'Тележинцы',04560,380,2),
(N'Телепино',04732,380,2),
(N'Телешовка',04562,380,2),
(N'Тельманово',06279,380,2),
(N'Темрюк',06246,380,2),
(N'Теофиполь',03844,380,2),
(N'Теперовка',03856,380,2),
(N'Теплик',04353,380,2),
(N'Теплица',04845,380,2),
(N'Теплодар',04850,380,2),
(N'Тереблече',03734,380,2),
(N'Теребля',03134,380,2),
(N'Теребовля',03551,380,2),
(N'Терезино',04563,380,2),
(N'Тересва',03134,380,2),
(N'Терешки',0532,380,2),
(N'Термаховка',04591,380,2),
(N'Тернавка',03740,380,2),
(N'Терновая',057,380,2),
(N'Терново',03134,380,2),
(N'ТЕРНОПОЛЬ',0352,380,2),
(N'Тернополье',03241,380,2),
(N'Терны',05455,380,2),
(N'Терпение',0619,380,2),
(N'Теслугов',03633,380,2),
(N'Тетеревка',04747,380,2),
(N'Тетиев',04560,380,2),
(N'Тимановка',04335,380,2),
(N'Тимоновичи',04659,380,2),
(N'Тимченки',04739,380,2),
(N'Тиница',04635,380,2),
(N'Тиньки',04730,380,2),
(N'Тисовец',03735,380,2),
(N'ТихийСтав',05657,380,2),
(N'ТихийХутор',04747,380,2),
(N'Тишковка',05253,380,2),
(N'Ткаченко',04861,380,2),
(N'Тлумач',03479,380,2),
(N'Товмач',04741,380,2),
(N'Товмачик',03433,380,2),
(N'Токмак',06178,380,2),
(N'Токовское',05656,380,2),
(N'Толстодубово',05444,380,2),
(N'Толстое',03554,380,2),
(N'Томаковка',05668,380,2),
(N'Томашгород',03635,380,2),
(N'Томашовка',04744,380,2),
(N'Томашполь',04348,380,2),
(N'Топиловка',04730,380,2),
(N'Тополи',05750,380,2),
(N'Тополиный',06246,380,2),
(N'Торез',06254,380,2),
(N'Торецк',06247,380,2),
(N'Торчин',0332,380,2),
(N'Тошковка',06455,380,2),
(N'Требухов',04594,380,2),
(N'Треповка',05233,380,2),
(N'Трибуховцы',03544,380,2),
(N'Тридубы',05133,380,2),
(N'Трикраты',05134,380,2),
(N'Триполье',04572,380,2),
(N'Троицко-Сафоново',05164,380,2),
(N'Троицко-Харцызск',06257,380,2),
(N'Троковичи',04134,380,2),
(N'Тростянчик',04343,380,2),
(N'Троянов',0412,380,2),
(N'Трускавец',03247,380,2),
(N'Трушевцы',04730,380,2),
(N'Трушка',04563,380,2),
(N'Тубольцы',0472,380,2),
(N'Тульчин',04335,380,2),
(N'Тупичев',04645,380,2),
(N'Тур',03310,380,2),
(N'Турбов',04358,380,2),
(N'Турийск',03363,380,2),
(N'Туринка',03252,380,2),
(N'ТурьяПасека',03145,380,2),
(N'Турятка',03734,380,2),
(N'Тухля',03251,380,2),
(N'Тучин',03650,380,2),
(N'Тхорин',04148,380,2),
(N'Тывров',04355,380,2),
(N'Тымково',04867,380,2),
(N'Тынное',03655,380,2),
(N'Тыновка',04747,380,2),
(N'Тысменица',03436,380,2),
(N'Тысменичаны',03475,380,2),
(N'Угерско',03245,380,2),
(N'Углегорск',06252,380,2),
(N'Угледар',06273,380,2),
(N'Угловатка',04745,380,2),
(N'Угля',03134,380,2),
(N'Угнев',03257,380,2),
(N'Угорники',0342,380,2),
(N'Угроеды',05459,380,2),
(N'Угры',03231,380,2),
(N'Удачное',0623,380,2),
(N'Удобное',04849,380,2),
(N'УЖГОРОД',0312,380,2),
(N'Узин',04563,380,2),
(N'Узловое',03255,380,2),
(N'Украинка',04572,380,2),
(N'Украинск',06237,380,2),
(N'Уладовка',04347,380,2),
(N'Уланов',04338,380,2),
(N'Ульяники',04573,380,2),
(N'Умань',04744,380,2),
(N'Уплатное',05754,380,2),
(N'Урало-Кавказ',06435,380,2),
(N'Урзуф',06297,380,2),
(N'Усатово',0482,380,2),
(N'Устивица',05345,380,2),
(N'Устилуг',03342,380,2),
(N'Устимовка',04571,380,2),
(N'Устиновка',05239,380,2),
(N'Усть-Чорна',03134,380,2),
(N'Устя',03476,380,2),
(N'Утконосовка',04841,380,2),
(N'Фанчиково',03143,380,2),
(N'Фасова',04578,380,2),
(N'Фастов',04565,380,2),
(N'Фастовец',04565,380,2),
(N'Фащевка',06441,380,2),
(N'Федунка',05352,380,2),
(N'Федюковка',04749,380,2),
(N'Феневичи',04591,380,2),
(N'Фонтанка',04855,380,2),
(N'Фрага',03435,380,2),
(N'Франковка',04739,380,2),
(N'Фурмановка',04843,380,2),
(N'Халаидово',04746,380,2),
(N'Халепье',04572,380,2),
(N'Халча',04573,380,2),
(N'Харцызск',06257,380,2),
(N'ХАРЬКОВ',057,380,2),
(N'Харьково',04634,380,2),
(N'Хацки',0472,380,2),
(N'Хащеватое',06554,380,2),
(N'ХЕРСОН',0552,380,2),
(N'Хижинцы',04749,380,2),
(N'Хижня',04747,380,2),
(N'Химчин',03478,380,2),
(N'Хлебодаровка',06244,380,2),
(N'Хлебодарское',0482,380,2),
(N'Хлебычин',03476,380,2),
(N'Хлипновка',04740,380,2),
(N'Хлыстуновка',04734,380,2),
(N'Хмелевое',05258,380,2),
(N'Хмелов',05448,380,2),
(N'Хмельник',043388,380,2),
(N'Хмельница',0462,380,2),
(N'ХМЕЛЬНИЦКИЙ',0382,380,2),
(N'Ховмы',04653,380,2),
(N'Ходновичи',03234,380,2),
(N'Ходовичи',03245,380,2),
(N'Ходоров',03239,380,2),
(N'Ходосовка',04598,380,2),
(N'Холмы',04657,380,2),
(N'ХолоднаяБалка',0482,380,2),
(N'Хомутец',05355,380,2),
(N'Хомяковка',03436,380,2),
(N'Хоробров',03257,380,2),
(N'Хоров',03654,380,2),
(N'Хорол',05362,380,2),
(N'Хоростков',03557,380,2),
(N'ХорошееОзеро',04653,380,2),
(N'Хотень',0542,380,2),
(N'Хотин',03731,380,2),
(N'Хотиновка',04642,380,2),
(N'Хотов',04598,380,2),
(N'Хотомля',05741,380,2),
(N'Хоцки',04567,380,2),
(N'Хренники',03637,380,2),
(N'Хриплин',03422,380,2),
(N'Христиновка',04745,380,2),
(N'Христофоровка',0564,380,2),
(N'Хролы',057,380,2),
(N'Хрущевка',04737,380,2),
(N'Худяки',0472,380,2),
(N'Хуст',03142,380,2),
(N'Хустянка',05454,380,2),
(N'Хутора',0472,380,2),
(N'Хутор-Будилов',03476,380,2),
(N'Хуторское',05634,380,2),
(N'Хуторы',0472,380,2),
(N'Хухра',05446,380,2),
(N'Царичанка',05690,380,2),
(N'Цветково',04734,380,2),
(N'Цебриково',04859,380,2),
(N'Цевки',05651,380,2),
(N'Цекиновка',04336,380,2),
(N'Центральное',04574,380,2),
(N'Цибли',04567,380,2),
(N'Цибулев',04746,380,2),
(N'Цибулево',05233,380,2),
(N'Цинева',03474,380,2),
(N'Циркуны',057,380,2),
(N'Цукурино',06237,380,2),
(N'Цумань',03365,380,2),
(N'Чабаны',04598,380,2),
(N'Чагор',03734,380,2),
(N'Чайки',04598,380,2),
(N'Чайковка',05763,380,2),
(N'Чаньков',03858,380,2),
(N'Чаплиевка',05449,380,2),
(N'Чаплино',05639,380,2),
(N'Часловцы',0312,380,2),
(N'ЧасовЯр',06274,380,2),
(N'Челно-Федоровка',05353,380,2),
(N'Чемер',04646,380,2),
(N'Чемеровцы',03859,380,2),
(N'Чепа',03143,380,2),
(N'ЧервонаяКаменка',05235,380,2),
(N'ЧервонаяХвыля',05752,380,2),
(N'Червоноград',03249,380,2),
(N'Червоногригоровка',0566,380,2),
(N'Червонопартизанск',06434,380,2),
(N'ЧервоныйДонец',05749,380,2),
(N'ЧервоныйКут',04747,380,2),
(N'ЧервоныйПрапор',06441,380,2),
(N'Черепин',04560,380,2),
(N'Черепковцы',03734,380,2),
(N'ЧеркасскаяЛозовая',05763,380,2),
(N'ЧЕРКАССЫ',0472,380,2),
(N'Черленовка',03733,380,2),
(N'Чермалык',06279,380,2),
(N'Чернелица',03430,380,2),
(N'ЧернечаСлобода',05454,380,2),
(N'Чернещина',05759,380,2),
(N'ЧЕРНИГОВ',0462,380,2),
(N'Черниговка',06140,380,2),
(N'Черниев',03436,380,2),
(N'Чернобаевка',04331,380,2),
(N'Чернобай',04739,380,2),
(N'Чернобыль',04593,380,2),
(N'ЧЕРНОВЦЫ',0372,380,2),
(N'Черногородка',04578,380,2),
(N'Чернолозцы',03436,380,2),
(N'Черноморовка',05536,380,2),
(N'Черноморск',04868,380,2),
(N'Чернотисов',03143,380,2),
(N'Чернухи',05340,380,2),
(N'Чернухино',06441,380,2),
(N'Чернявка',0472,380,2),
(N'Чернянка',05536,380,2),
(N'Черняховка',04575,380,2),
(N'Черповоды',04744,380,2),
(N'Чертиж',03239,380,2),
(N'Чертовец',03430,380,2),
(N'Черче',03435,380,2),
(N'Чечельник',04351,380,2),
(N'ЧёрнаяКаменка',04748,380,2),
(N'ЧёрнаяТиса',03132,380,2),
(N'Чигирин',04730,380,2),
(N'Чижовка',04141,380,2),
(N'Чинадиево',03131,380,2),
(N'Чишки',03230,380,2),
(N'Чкаловка',0564,380,2),
(N'Чкаловское',05746,380,2),
(N'Чомонин',03131,380,2),
(N'Чонгар',05534,380,2),
(N'Чоп',03137,380,2),
(N'Чоповичи',04133,380,2),
(N'Чорнобай',04739,380,2)

insert into [slugDtB].[dbo].[Cities](Title, CitiesCode, CountryCode, Language)
values
(N'Чубинское',04595,380,2),
(N'Чугуев',05746,380,2),
(N'Чудей',03735,380,2),
(N'Чуднов',04139,380,2),
(N'Чукаловка',03436,380,2),
(N'Чулаковка',05539,380,2),
(N'Чумаки',056,380,2),
(N'Чумалёво',03134,380,2),
(N'Чупаховка',05446,380,2),
(N'Шабалинов',04656,380,2),
(N'Шабастовка',04746,380,2),
(N'Шабо',04849,380,2),
(N'Шалыгино',05444,380,2),
(N'Шамраевка',04568,380,2),
(N'Шаповаловка',04653,380,2),
(N'Шарапановка',04340,380,2),
(N'Шаргород',04344,380,2),
(N'Шарин',04744,380,2),
(N'Шарки',04562,380,2),
(N'Шатава',03858,380,2),
(N'Шахово',06277,380,2),
(N'Шахтёрск',06255,380,2),
(N'Шахтное',06257,380,2),
(N'Шацк',03355,380,2),
(N'Шаян',03142,380,2),
(N'Шебутинцы',03739,380,2),
(N'Шегини',03234,380,2),
(N'Шелестово',05766,380,2),
(N'Шелудьковка',05747,380,2),
(N'Шельпаховка',04745,380,2),
(N'Шендеровка',04735,380,2),
(N'Шепетовка',03840,380,2),
(N'Шестаково',04742,380,2),
(N'Шибеное',04577,380,2),
(N'Шипинцы',03736,380,2),
(N'Шиповатое',05752,380,2),
(N'Шировцы',03731,380,2),
(N'ШирокаяБалка',05547,380,2),
(N'Широкий',06472,380,2),
(N'Широкино',06296,380,2),
(N'Широколановка',05163,380,2),
(N'Ширяево',04858,380,2),
(N'Шишаки',05352,380,2),
(N'Шкаровка',04563,380,2),
(N'Шкло',03259,380,2),
(N'Шляховое',05766,380,2),
(N'Шоломки',04148,380,2),
(N'Шолохово',0566,380,2),
(N'Шостка',05449,380,2),
(N'Шпендовка',04573,380,2),
(N'Шпиков',04335,380,2),
(N'Шпили',04591,380,2),
(N'Шпитьки',04598,380,2),
(N'Шпола',04741,380,2),
(N'Шрамковка',04738,380,2),
(N'Штеповка',05445,380,2),
(N'Штеровка',06432,380,2),
(N'Шубовка',04573,380,2),
(N'Шукайвода',04745,380,2),
(N'Шульгинка',06461,380,2),
(N'Шульговка',05634,380,2),
(N'Шуляки',04747,380,2),
(N'Щасновка',04632,380,2),
(N'Щербани',05134,380,2),
(N'Щётово',06431,380,2),
(N'Щирец',03230,380,2),
(N'Энергодар',06139,380,2),
(N'ЮжнаяЛомоватка',06443,380,2),
(N'Юнаковка',0542,380,2),
(N'Юнокоммунаровск',06252,380,2),
(N'Юрковка',04740,380,2),
(N'Юрчиха',04732,380,2),
(N'Юрьевка',05635,380,2),
(N'Яблоновка',04642,380,2),
(N'Яворов',03259,380,2),
(N'Яворовка',04738,380,2),
(N'Яготин',04575,380,2),
(N'Ягубец',04745,380,2),
(N'Ядуты',04653,380,2),
(N'Язловец',03544,380,2),
(N'Якушинцы',0432,380,2),
(N'Яланец',04348,380,2),
(N'Ялтушков',04341,380,2),
(N'Ямница',03436,380,2),
(N'Ямное',05457,380,2),
(N'Яноши',03141,380,2),
(N'Яремче',03434,380,2),
(N'Яреськи',05352,380,2),
(N'Яровая',06261,380,2),
(N'Яровка',03731,380,2),
(N'Ярославка',04632,380,2),
(N'Ярошовка',04742,380,2),
(N'Ясенивский',06433,380,2),
(N'Ясенов',03266,380,2),
(N'Ясенов-Польный',03430,380,2),
(N'Ясень',03474,380,2),
(N'Ясиноватая',06236,380,2),
(N'Ясиновка',06232,380,2),
(N'Ясиновский',06433,380,2),
(N'Ясиня',03132,380,2),
(N'Ясногорка',06264,380,2),
(N'Яснозорье',0472,380,2),
(N'Ястребичи',03255,380,2),
(N'Яськи',04852,380,2),
(N'Яхны',04574,380,2)