insert into [slugDtB].[dbo].[Cities](Title, CitiesCode, CountryCode, Language)
values
(N'АБАКАН',39022, 7, 2),
(N'Белый Яр',39041, 7, 2),
(N'Бея',39044, 7, 2),
(N'Боград',39034, 7, 2),
(N'Копьево',39036, 7, 2),
(N'Саяногорск',39042, 7, 2),
(N'Сорск',39033, 7, 2),
(N'Таштып',39046, 7, 2),
(N'Усть-Абакан',39032, 7, 2),
(N'Черногорск',39031, 7, 2),
(N'Шира',39035, 7, 2),
(N'АРХАНГЕЛЬСК',8182, 7, 2),
(N'Березник',81831, 7, 2),
(N'Вельск',81836, 7, 2),
(N'Верхняя Тойма',81854, 7, 2),
(N'Ильинско-Подомское',81843, 7, 2),
(N'Каргополь',81841, 7, 2),
(N'Карпогоры',81856, 7, 2),
(N'Коноша',81858, 7, 2),
(N'Коряжма',81850, 7, 2),
(N'Котлас',81837, 7, 2),
(N'Красноборск',81840, 7, 2),
(N'Лешуконское',81833, 7, 2),
(N'Мезень',81848, 7, 2),
(N'Мирный',81834, 7, 2),
(N'Нарьян-Мар',81853, 7, 2),
(N'Новодвинск',81852, 7, 2),
(N'Няндома',81838, 7, 2),
(N'Октябрьский',81855, 7, 2),
(N'Онега',81839, 7, 2),
(N'Плесецк',81832, 7, 2),
(N'Северодвинск',81842, 7, 2),
(N'о.Соловки',81835, 7, 2),
(N'Холмогоры',81830, 7, 2),
(N'Шенкурск',81851, 7, 2),
(N'Яренск',81859, 7, 2),
(N'АСТРАХАНЬ',8512, 7, 2),
(N'Ахтубинск',85111, 7, 2),
(N'Володарский',85112, 7, 2),
(N'Енотаевка',85113, 7, 2),
(N'Икряное',85114, 7, 2),
(N'Знаменск',85110, 7, 2),
(N'Камызяк',85115, 7, 2),
(N'Красный Яр',85116, 7, 2),
(N'Лиман',85117, 7, 2),
(N'Нариманов',85171, 7, 2),
(N'Началово',85172, 7, 2),
(N'Харабли',85118, 7, 2),
(N'Черный Яр',85119, 7, 2),
(N'БАРНАУЛ',3852, 7, 2),
(N'Алейск',38553, 7, 2),
(N'Бийск',3854, 7, 2),
(N'Заринск',38595, 7, 2),
(N'Камень на Оби',38514, 7, 2),
(N'Новоалтайск',38532, 7, 2),
(N'Павловск',38511, 7, 2),
(N'БЕЛГОРОД',0722, 7, 2),
(N'Алексеевка',07234, 7, 2),
(N'Борисовка',07246, 7, 2),
(N'Валуйки',07236, 7, 2),
(N'Вейделевка',07237, 7, 2),
(N'Волоконовка',07235, 7, 2),
(N'Губкин',07241, 7, 2),
(N'Ивня',07243, 7, 2),
(N'Короча',07231, 7, 2),
(N'Красногвардейское',07247, 7, 2),
(N'Красное',7262, 7, 2),
(N'Новый Оскол',07233, 7, 2),
(N'Прохоровка',07242, 7, 2),
(N'Ракитное',07245, 7, 2),
(N'Ровеньки',07238, 7, 2),
(N'Старый Оскол',0725, 7, 2),
(N'Строитель',07244, 7, 2),
(N'Чернянка',07232, 7, 2),
(N'Щебекино',07248, 7, 2),
(N'БЛАГОВЕЩЕНСК',4162, 7, 2),
(N'БРЯНСК',0832, 7, 2),
(N'Выгоничи',08341, 7, 2),
(N'Дубровка',08332, 7, 2),
(N'Жирятино',08344, 7, 2),
(N'Жуковка',08334, 7, 2),
(N'Злынка',08358, 7, 2),
(N'Карачев',08335, 7, 2),
(N'Клетня',08338, 7, 2),
(N'Климово',08347, 7, 2),
(N'Клинцы',08336, 7, 2),
(N'Комаричи',08355, 7, 2),
(N'Красная Гора',08346, 7, 2),
(N'Локоть',08354, 7, 2),
(N'Мглин',08339, 7, 2),
(N'Новозыбков',08343, 7, 2),
(N'Погар',08349, 7, 2),
(N'Почеп',08345, 7, 2),
(N'Рогнедино',08331, 7, 2),
(N'Севск',08356, 7, 2),
(N'Стародуб',08348, 7, 2),
(N'Суземка',08353, 7, 2),
(N'Трубчевск',08352, 7, 2),
(N'Унеча',08351, 7, 2),
(N'ВЛАДИВОСТОК',4232, 7, 2),
(N'Анучино',42362, 7, 2),
(N'Арсеньев',42361, 7, 2),
(N'Артем', 423370, 7, 2),
(N'Большой Камень',42335, 7, 2),
(N'Владимиро-Александровское',42365, 7, 2),
(N'Вольно-Hадеждинское',42334, 7, 2),
(N'Дальнегорск',42373, 7, 2),
(N'Дальнереченск',42356, 7, 2),
(N'Кавалерово',42375, 7, 2),
(N'Камень-Рыболов',42349, 7, 2),
(N'Кировский',42354, 7, 2),
(N'Лазо',42377, 7, 2),
(N'Лесозаводск',42355, 7, 2),
(N'Лучегорск',42357, 7, 2),
(N'Михайловка',42346, 7, 2),
(N'Hаходка',42366, 7, 2),
(N'Hовопокровка',42359, 7, 2),
(N'Ольга',42376, 7, 2),
(N'Партизанск',423630, 7, 2),
(N'Пограничный',42345, 7, 2),
(N'Покровка',42344, 7, 2),
(N'Спасск-Дальний',42352, 7, 2),
(N'Славянка',42331, 7, 2),
(N'Терней',42374, 7, 2),
(N'Уссурийск',42341, 7, 2),
(N'Фокино',42339, 7, 2),
(N'Хороль',42347, 7, 2),
(N'Черниговка',42351, 7, 2),
(N'Чугуевка',42372, 7, 2),
(N'Яковлевка',42371, 7, 2),
(N'ВЛАДИКАВКАЗ',8672, 7, 2),
(N'Алагир',86731, 7, 2),
(N'Ардон',86732, 7, 2),
(N'Архонская',86739, 7, 2),
(N'Беслан',86737, 7, 2),
(N'Дигора',86733, 7, 2),
(N'Моздок',86736, 7, 2),
(N'Октябрьское',86738, 7, 2),
(N'Чикола',86734, 7, 2),
(N'Эльхотово',86735, 7, 2),
(N'ВЛАДИМИР',0922, 7, 2),
(N'Александров',09244, 7, 2),
(N'Вязники',09233, 7, 2),
(N'Гороховец',09238, 7, 2),
(N'Гусь Хрустальный',09241, 7, 2),
(N'Камешково',09248, 7, 2),
(N'Киржач',09237, 7, 2),
(N'Ковров',09232, 7, 2),
(N'Кольчугино',09245, 7, 2),
(N'Красная Горбатка',09236, 7, 2),
(N'Меленки',09247, 7, 2),
(N'Муром',09234, 7, 2),
(N'Петушки',09243, 7, 2),
(N'Радужный',09254, 7, 2),
(N'Собинка',09242, 7, 2),
(N'Судогда',09235, 7, 2),
(N'Суздаль',09231, 7, 2),
(N'Юрьев-Польский', 09246, 7, 2),
(N'ВОЛГОГРАД',8442, 7, 2),
(N'Алексеевская',84446, 7, 2),
(N'Быково',84495, 7, 2),
(N'Волжский',8443, 7, 2),
(N'Городище',84468, 7, 2),
(N'Даниловка',84461, 7, 2),
(N'Дубовка',84458, 7, 2),
(N'Елань',84452, 7, 2),
(N'Жирновск',844542, 7, 2),
(N'Иловля',84467, 7, 2),
(N'Калач-на-Дону',84472, 7, 2),
(N'Камышин',84457, 7, 2),
(N'Киквидзе',84445, 7, 2),
(N'Клетский',84466, 7, 2),
(N'Котельниково',84476, 7, 2),
(N'Котово',84455, 7, 2),
(N'Кумылженская',84462, 7, 2),
(N'Ленинск',84478, 7, 2),
(N'Михайловка',84463, 7, 2),
(N'Нехаевский',84443, 7, 2),
(N'Николаевск',84494, 7, 2),
(N'Новоаннинский',84447, 7, 2),
(N'Новониколаевский',84444, 7, 2),
(N'Октябрьский',84475, 7, 2),
(N'Ольховка',84456, 7, 2),
(N'Палласовка',84492, 7, 2),
(N'Рудня',84453, 7, 2),
(N'Светлый Яр',84477, 7, 2),
(N'Серафимович',84464, 7, 2),
(N'Средняя Ахтуба',84479, 7, 2),
(N'Старая Полтавка',84493, 7, 2),
(N'Суровикино',84473, 7, 2),
(N'Урюпинск',84442, 7, 2),
(N'Фролово',84465, 7, 2),
(N'Чернышковский',84474, 7, 2),
(N'ВОЛОГДА',8172, 7, 2),
(N'Бабаево',81743, 7, 2),
(N'Белозерск',81756, 7, 2),
(N'Великий Устюг',81738, 7, 2),
(N'Верховажье',81759, 7, 2),
(N'Вожега',81744, 7, 2),
(N'Вытегра',81746, 7, 2),
(N'Грязовец',81755, 7, 2),
(N'Кадуй',81742, 7, 2),
(N'Кириллов',81757, 7, 2),
(N'Кичменгский Городок',81740, 7, 2),
(N'Липин Бор',81758, 7, 2),
(N'Никольск',81754, 7, 2),
(N'Нюксеница',81747, 7, 2),
(N'Село им.Бабушкина',81745, 7, 2),
(N'Сокол',81733, 7, 2),
(N'Сямжа',81752, 7, 2),
(N'Тарногский Городок',81748, 7, 2),
(N'Тотьма',81739, 7, 2),
(N'Устье',81753, 7, 2),
(N'Устюжна',81737, 7, 2),
(N'Харовск',81732, 7, 2),
(N'Чагода',81741, 7, 2),
(N'Шексна',81751, 7, 2),
(N'Шуйское',81749, 7, 2),
(N'ВОРОНЕЖ',0732, 7, 2),
(N'Анна',07346, 7, 2),
(N'Бобров',07350, 7, 2),
(N'Богучар',07366, 7, 2),
(N'Борисоглебск',07354, 7, 2),
(N'Бутурлиновка',07361, 7, 2),
(N'Верхний Мамон',07355, 7, 2),
(N'Верхняя Хава',07343, 7, 2),
(N'Воробьевка',07356, 7, 2),
(N'Калач',07363, 7, 2),
(N'Каменка',07357, 7, 2),
(N'Каширское',07342, 7, 2),
(N'Лиски',07391, 7, 2),
(N'Нижнедевицк',07370, 7, 2),
(N'Новая Усмань',07341, 7, 2),
(N'Нововоронежский',07364, 7, 2),
(N'Новохоперск',07353, 7, 2),
(N'Острогожск',07375, 7, 2),
(N'Павловск',07362, 7, 2),
(N'Панино',07344, 7, 2),
(N'Петропавловка',07365, 7, 2),
(N'Подгоренский',07394, 7, 2),
(N'Поворино',07376, 7, 2),
(N'Рамонь',07340, 7, 2),
(N'Россошь',07396, 7, 2),
(N'Семилуки',07372, 7, 2),
(N'Таловая',07352, 7, 2),
(N'Терновка',07347, 7, 2),
(N'Эртиль',07345, 7, 2),
(N'ГОРНО-АЛТАЙСК', 38822, 7, 2),
(N'ЕКАТЕРИНБУРГ',3432, 7, 2),
(N'Алапаевск',34346, 7, 2),
(N'Артемовский',34363, 7, 2),
(N'Арти',34395, 7, 2),
(N'Асбест',34365, 7, 2),
(N'Ачит',34391, 7, 2),
(N'Белоярский',34377, 7, 2),
(N'Березовский',34369, 7, 2),
(N'Богданович',34376, 7, 2),
(N'Верхняя Пышма',34368, 7, 2),
(N'Верхняя Салда',34345, 7, 2),
(N'Верхотурье',34319, 7, 2),
(N'Заречный',34377, 7, 2),
(N'Ирбит',34355, 7, 2),
(N'Каменск-Уральский',34378, 7, 2),
(N'Карпинск',34313, 7, 2),
(N'Качканар',34341, 7, 2),
(N'Кировград',34357, 7, 2),
(N'Краснотурьинск',34314, 7, 2),
(N'Красноуральск',34343, 7, 2),
(N'Красноуфимск',34394, 7, 2),
(N'Кушва',34344, 7, 2),
(N'Невьянск',34356, 7, 2),
(N'Нижние Серги',34396, 7, 2),
(N'Нижний Тагил',3435, 7, 2),
(N'Нижняя Тура',34342, 7, 2),
(N'Новая Ляля',34318, 7, 2),
(N'Новоуральск',34370, 7, 2),
(N'Первоуральск',34392, 7, 2),
(N'Полевской',34350, 7, 2),
(N'Пышма',34372, 7, 2),
(N'Ревда',34397, 7, 2),
(N'Североуральск',34310, 7, 2),
(N'Серов',34315, 7, 2),
(N'Сухой Лог',34373, 7, 2),
(N'Талица',34371, 7, 2),
(N'Таборы',34347, 7, 2),
(N'Тавда',34360, 7, 2),
(N'Тугулым',34367, 7, 2),
(N'Туринск',34349, 7, 2),
(N'Туринская Слобода',34361, 7, 2),
(N'Шаля',34358, 7, 2),
(N'ИВАНОВО',0932, 7, 2),
(N'Верхний Ландех',09349, 7, 2),
(N'Вичуга',09354, 7, 2),
(N'Гаврилов Посад',09355, 7, 2),
(N'Ильинское-Хованское',09353, 7, 2),
(N'Кинешма',09331, 7, 2),
(N'Комсомольск',09352, 7, 2),
(N'Лежнево',09357, 7, 2),
(N'Палех',09334, 7, 2),
(N'Пестяки',09346, 7, 2),
(N'Приволжск',09339, 7, 2),
(N'Пучеж',09345, 7, 2),
(N'Родники',09336, 7, 2),
(N'Савино',09356, 7, 2),
(N'Тейково',09343, 7, 2),
(N'Фурманов',09341, 7, 2),
(N'Шуя',09351, 7, 2),
(N'Южа',09347, 7, 2),
(N'Юрьевец',09337, 7, 2),
(N'ИЖЕВСК',3412, 7, 2),
(N'Алнаши',34150, 7, 2),
(N'Балезино',34166, 7, 2),
(N'Вавож',34155, 7, 2),
(N'Воткинск',34145, 7, 2),
(N'Глазов',34141, 7, 2),
(N'Грахово',34163, 7, 2),
(N'Дебесы',34151, 7, 2),
(N'Завьялово',34123, 7, 2),
(N'Игра',34134, 7, 2),
(N'Камбарка',34153, 7, 2),
(N'Каракулино',34132, 7, 2),
(N'Кез',34158, 7, 2),
(N'Кизнер',34154, 7, 2),
(N'Киясово',34133, 7, 2),
(N'Красногорское',34164, 7, 2),
(N'Малая Пурга',34138, 7, 2),
(N'Можга',34139, 7, 2),
(N'Сарапул',34147, 7, 2),
(N'Селты',34159, 7, 2),
(N'Сюмси',34152, 7, 2),
(N'Ува',34130, 7, 2),
(N'Шаркан',34136, 7, 2),
(N'Юкаменское',34161, 7, 2),
(N'Якшур-Бодья',34162, 7, 2),
(N'Яр',34157, 7, 2),
(N'ИРКУТСК',3952, 7, 2),
(N'Железногорск-Илимский',39566, 7, 2),
(N'Киренск',39568, 7, 2),
(N'Новонукутский',39549, 7, 2),
(N'Усть-Илимск',39535, 7, 2),
(N'Черемхово',39546, 7, 2),
(N'Шелехов',39510, 7, 2),
(N'ЙОШКАР-ОЛА',8362, 7, 2),
(N'Волжск',83631, 7, 2),
(N'Звенигово',83645, 7, 2),
(N'Козьмодемьянск',83632, 7, 2),
(N'Куженер',83637, 7, 2),
(N'Килемары',83643, 7, 2),
(N'Морки',83635, 7, 2),
(N'Мари-Турек',83634, 7, 2),
(N'Медведево',8362, 7, 2),
(N'Новый Торьял',83636, 7, 2),
(N'Оршанка',83641, 7, 2),
(N'Параньга',83639, 7, 2),
(N'Сернур',83633, 7, 2),
(N'Советский',83638, 7, 2),
(N'Юрино',83644, 7, 2),
(N'КАЗАНЬ',8432, 7, 2),
(N'Аксубаево',84344, 7, 2),
(N'Алексеевское',84341, 7, 2),
(N'Апастово',84376, 7, 2),
(N'Арск',84366, 7, 2),
(N'Атня',84369, 7, 2),
(N'Базарные Матаки',84346, 7, 2),
(N'Балтаси',84368, 7, 2),
(N'Богатые Сабы',84362, 7, 2),
(N'Булгар',84347, 7, 2),
(N'Буинск',84374, 7, 2),
(N'Верхний Услон',84379, 7, 2),
(N'Высокая Гора',84365, 7, 2),
(N'Зеленодольск',84371, 7, 2),
(N'Камское Устье',84377, 7, 2),
(N'Кукмор',84364, 7, 2),
(N'Лаишево',84378, 7, 2),
(N'Новошешминск',84348, 7, 2),
(N'Нурлат',84345, 7, 2),
(N'Пестрецы',84367, 7, 2),
(N'Рыбная Слобода',84361, 7, 2),
(N'Старое Дрожжаное',84375, 7, 2),
(N'Тетюши',84373, 7, 2),
(N'Тюлячи',84360, 7, 2),
(N'Черемшан',84316, 7, 2),
(N'Чистополь',84342, 7, 2),
(N'КАЛИНИНГРАД',0112, 7, 2),
(N'Багратионовск',01156, 7, 2),
(N'Балтийск',01145, 7, 2),
(N'Гвардейск',01159, 7, 2),
(N'Гурьевск',01151, 7, 2),
(N'Гусев',01143, 7, 2),
(N'Зеленоградск',01150, 7, 2),
(N'Краснознаменск',01164, 7, 2),
(N'Неман',01162, 7, 2),
(N'Нестеров',01144, 7, 2),
(N'Озерск',01142, 7, 2),
(N'Пионерский',01153, 7, 2),
(N'Полесск',01158, 7, 2),
(N'Правдинск',01157, 7, 2),
(N'Светлогорск',011533, 7, 2),
(N'Светлый',01152, 7, 2),
(N'Славск',01163, 7, 2),
(N'Советск',01161, 7, 2),
(N'Черняховск',01141, 7, 2),

(N'КАЛУГА',4842, 7, 2),
(N'Бабынино',48448, 7, 2),
(N'Балабаново',48458, 7, 2),
(N'Боровск',48438, 7, 2),
(N'Жуково',48432, 7, 2),
(N'Киров',48456, 7, 2),
(N'Кондрово',48434, 7, 2),
(N'Людиново',48444, 7, 2),
(N'Малоярославец',48431, 7, 2),
(N'Медынь',48433, 7, 2),
(N'Мещовск',48446, 7, 2),
(N'Обнинск',48439, 7, 2),
(N'Перемышль',48441, 7, 2),
(N'Спас-Деменск',48455, 7, 2),
(N'Сухиничи',48451, 7, 2),
(N'Таруса',48435, 7, 2),
(N'Ульяново',48443, 7, 2),
(N'Юхнов',48436, 7, 2),
(N'КЕМЕРОВО',3842, 7, 2),
(N'Анжеро-Судженск',38453, 7, 2),
(N'Белово',38452, 7, 2),
(N'Березовский',38445, 7, 2),
(N'Верх-Чебула',38444, 7, 2),
(N'Гурьевск',38463, 7, 2),
(N'Ижморский',38459, 7, 2),
(N'Кисилевск',38464, 7, 2),
(N'Ленинск-Кузнецкий',38456, 7, 2),
(N'Мариинск',38443, 7, 2),
(N'Междуреченск',38475, 7, 2),
(N'Мыски',38474, 7, 2),
(N'Новокузнецк',3843, 7, 2),
(N'Осинники',38471, 7, 2),
(N'Прокопьевск',38466, 7, 2),
(N'Промышленная',38442, 7, 2),
(N'Таштагол',38473, 7, 2),
(N'Тисуль',38447, 7, 2),
(N'Топки',38454, 7, 2),
(N'Юрга',38451, 7, 2),
(N'Яшкино',38455, 7, 2),
(N'Яя',38441, 7, 2),
(N'КИРОВ',8332, 7, 2),
(N'Арбаж',83330, 7, 2),
(N'Белая Холуница',83364, 7, 2),
(N'Богородское',83333, 7, 2),
(N'Верхошижемье',83335, 7, 2),
(N'Вятские Поляны',83334, 7, 2),
(N'Даровской',83336, 7, 2),
(N'Зуевка',83337, 7, 2),
(N'Кикнур',83341, 7, 2),
(N'Кильмезь',83338, 7, 2),
(N'Кирово-Чепецк',83361, 7, 2),
(N'Кирс',83339, 7, 2),
(N'Котельнич',83342, 7, 2),
(N'Кумены',83343, 7, 2),
(N'Лебяжье',83344, 7, 2),
(N'Ленинское',83345, 7, 2),
(N'Луза',83346, 7, 2),
(N'Малмыж',83347, 7, 2),
(N'Мураши',83348, 7, 2),
(N'Нагорск',83349, 7, 2),
(N'Нема',83350, 7, 2),
(N'Нолинск',83368, 7, 2),
(N'Омутнинск',83352, 7, 2),
(N'Опарино',83353, 7, 2),
(N'Оричи',83354, 7, 2),
(N'Орлов',83365, 7, 2),
(N'Пижанка',83355, 7, 2),
(N'Подосиновец',83351, 7, 2),
(N'Санчурск',83357, 7, 2),
(N'Свеча',83358, 7, 2),
(N'Слободской',83362, 7, 2),
(N'Советск',83375, 7, 2),
(N'Суна',83369, 7, 2),
(N'Тужа',83340, 7, 2),
(N'Уни',83359, 7, 2),
(N'Уржум',83363, 7, 2),
(N'Фаленки',83332, 7, 2),
(N'Юрья',83366, 7, 2),
(N'Яранск',83367, 7, 2),
(N'КОСТРОМА',0942, 7, 2),
(N'Антропово',09430, 7, 2),
(N'Боговарово',09451, 7, 2),
(N'Буй',09435, 7, 2),
(N'Волгореченск',09453, 7, 2),
(N'Вохма',09450, 7, 2),
(N'Галич',09437, 7, 2),
(N'Георгиевское',09447, 7, 2),
(N'Кадый',09442, 7, 2),
(N'Кологрив',09443, 7, 2),
(N'Красное-на-Волге',09432, 7, 2),
(N'Макарьев',0944577, 7, 2),
(N'Мантурово',09446, 7, 2),
(N'Нерехта',09431, 7, 2),
(N'Нея',09444, 7, 2),
(N'Островское',09438, 7, 2),
(N'Павино',09439, 7, 2),
(N'Парфеньево',09440, 7, 2),
(N'Поназырево',09448, 7, 2),
(N'Пыщуг',09452, 7, 2),
(N'Солигалич',09436, 7, 2),
(N'Судиславль',09433, 7, 2),
(N'Сусанино',09434, 7, 2),
(N'Чухлома',09441, 7, 2),
(N'Шарья',09449, 7, 2),
(N'КРАСНОДАР',8612, 7, 2),
(N'Абинск',86150, 7, 2),
(N'Анапа',86133, 7, 2),
(N'Апшеронск',86152, 7, 2),
(N'Армавир',86137, 7, 2),
(N'Белореченск',86155, 7, 2),
(N'Геленджик',86141, 7, 2),
(N'Горячий Ключ',86159, 7, 2),
(N'Динская',86162, 7, 2),
(N'Каневская',86164, 7, 2),
(N'Гулькевичи',86160, 7, 2),
(N'Кореновск',86142, 7, 2),
(N'Кропоткин',86138, 7, 2),
(N'Курганинск',86147, 7, 2),
(N'Лабинск',86169, 7, 2),
(N'Мостовской',86192, 7, 2),
(N'Приморско-Ахтарск',86143, 7, 2),
(N'Славянск-на-Кубани',86146, 7, 2),
(N'Станица Брюховецкая',86156, 7, 2),
(N'Станица Динская',86162, 7, 2),
(N'Станица Кавказская',86193, 7, 2),
(N'Станица Калининская',86163, 7, 2),
(N'Станица Каневская',86164, 7, 2),
(N'Станица Красноармейская',86165, 7, 2),
(N'Станица Крыловская',86161, 7, 2),
(N'Станица Кущевская',86168, 7, 2),
(N'Станица Новопокровская',86149, 7, 2),
(N'Станица Отрадная',86144, 7, 2),
(N'Станица Павловская',86191, 7, 2),
(N'Станица Старощербиновская',86151, 7, 2),
(N'Станица Тбилисская',86158, 7, 2),
(N'Тимашевск',86130, 7, 2),
(N'Тихорецк',86196, 7, 2),
(N'Туапсе',86167, 7, 2),
(N'Успенское',86140, 7, 2),
(N'Усть-Лабинск',86135, 7, 2),
(N'КРАСНОЯРСК',3912, 7, 2),
(N'Абан',3916322, 7, 2),
(N'Ачинск',39151, 7, 2),
(N'Балахта',39148, 7, 2),
(N'Березовка',39175, 7, 2),
(N'Большая Мурта',39118, 7, 2),
(N'Большой Улуй',39159, 7, 2),
(N'Бородино',39168, 7, 2),
(N'Дзержинское',39167, 7, 2),
(N'Дивногорск',39144, 7, 2),
(N'Емельяново',39133, 7, 2),
(N'Енисейск',39115, 7, 2),
(N'Ермаковское',39138, 7, 2),
(N'Железногорск',39197, 7, 2),
(N'Зеленогорск',39169, 7, 2),
(N'Ирбейское',39174, 7, 2),
(N'Казачинское',39116, 7, 2),
(N'Канск',39161, 7, 2),
(N'Каратузское',39137, 7, 2),
(N'Кедровый',39195, 7, 2),
(N'Козулька',39154, 7, 2),
(N'Лесосибирск',39145, 7, 2),
(N'Минусинск',39132, 7, 2),
(N'Нижний Ингаш',39171, 7, 2),
(N'Новоселово',39147, 7, 2),
(N'Партизанское',39140, 7, 2),
(N'Пировское',39117, 7, 2),
(N'Сухобузимское',39119, 7, 2),
(N'Тасеево',39164, 7, 2),
(N'Тюхтет',39158, 7, 2),
(N'Ужур',39156, 7, 2),
(N'Уяр',39146, 7, 2),
(N'Шалинское',39149, 7, 2),
(N'Шарыпово',39153, 7, 2),
(N'Шушенское',39139, 7, 2),
(N'КУРГАН',35222, 7, 2),
(N'Альменево',35242, 7, 2),
(N'Белозерское',35232, 7, 2),
(N'Варгаши',35233, 7, 2),
(N'Глядянское',35239, 7, 2),
(N'Далматово',35252, 7, 2),
(N'Звериноголовское',35240, 7, 2),
(N'Каргаполье',35256, 7, 2),
(N'Катайск',35251, 7, 2),
(N'Кетово',35231, 7, 2),
(N'Куртамыш',35249, 7, 2),
(N'Лебяжье',35237, 7, 2),
(N'Макушино',35236, 7, 2),
(N'Мишкино',35247, 7, 2),
(N'Мокроусово',35234, 7, 2),
(N'Петухово',35235, 7, 2),
(N'Половинное',35238, 7, 2),
(N'Сафакулево',35243, 7, 2),
(N'Целинное',35241, 7, 2),
(N'Частоозерье',35230, 7, 2),
(N'Шадринск',35253, 7, 2),
(N'Шатрово',35257, 7, 2),
(N'Шумиха',35245, 7, 2),
(N'Щучье',35244, 7, 2),
(N'Юргамыш',35248, 7, 2),
(N'КУРСК',07122, 7, 2),
(N'Белая',07149, 7, 2),
(N'Большое Солдатское',07136, 7, 2),
(N'Глушково',07132, 7, 2),
(N'Горшечное',07133, 7, 2),
(N'Дмитриев-Льговский',07150, 7, 2),
(N'Железногорск',07148, 7, 2),
(N'Золотухино',07151, 7, 2),
(N'Касторное',07157, 7, 2),
(N'Конышевка',07156, 7, 2),
(N'Коренево',07147, 7, 2),
(N'Курчатов',07131, 7, 2),
(N'Кшенский',07158, 7, 2),
(N'Льгов',071400, 7, 2),
(N'Мантурово',07155, 7, 2),
(N'Медвенка',07146, 7, 2),
(N'Обоянь',07141, 7, 2),
(N'Поныри',07135, 7, 2),
(N'Пристень',07134, 7, 2),
(N'Прямицыно',07142, 7, 2),
(N'Рыльск',07152, 7, 2),
(N'Суджа',07143, 7, 2),
(N'Солнцево',07154, 7, 2),
(N'Тим',07153, 7, 2),
(N'Фатеж',07144, 7, 2),
(N'Хомутовка',07137, 7, 2),
(N'Щигры',07145, 7, 2),
(N'Черемисиново',07159, 7, 2),
(N'ЛИПЕЦК',0742, 7, 2),
(N'Волово',07473, 7, 2),
(N'Грязи',07461, 7, 2),
(N'Данков',07465, 7, 2),
(N'Добринка',07462, 7, 2),
(N'Доброе',07463, 7, 2),
(N'Долгоруково',07468, 7, 2),
(N'Елец',07467, 7, 2),
(N'Задонск',07471, 7, 2),
(N'Измалково',07478, 7, 2),
(N'Красное',07469, 7, 2),
(N'Лебедянь',07466, 7, 2),
(N'Лев Толстой',07464, 7, 2),
(N'Становое',07476, 7, 2),
(N'Тербуны',07474, 7, 2),
(N'Усмань',07472, 7, 2),
(N'Хлевное',07477, 7, 2),
(N'Чаплыгин',07475, 7, 2),
(N'МАЙКОП',87722, 7, 2),
(N'МАГАДАН',41322, 7, 2),
(N'Омсукчан',41346, 7, 2),
(N'Палатка',41342, 7, 2),
(N'Сеймчан',41347, 7, 2),
(N'Сусуман',41345, 7, 2),
(N'Усть-Омчуг',41344, 7, 2),
(N'МАХАЧКАЛА',8722, 7, 2),
(N'МОСКВА',495, 7, 2),
(N'Волоколамск',49636, 7, 2),
(N'Воскресенск',49644, 7, 2),
(N'Голицыно',49633, 7, 2),
(N'Дмитров',49622, 7, 2),
(N'Домодедово',49679, 7, 2),
(N'Дубна',49621, 7, 2),
(N'Зарайск',49666, 7, 2),
(N'Звенигород',49632, 7, 2),
(N'Егорьевск',49640, 7, 2),
(N'Жуковский',49648, 7, 2),
(N'Истра',49631, 7, 2),
(N'Клин',49624, 7, 2),
(N'Коломна', 49661, 7, 2),
(N'Лотошино',49628, 7, 2),
(N'Луховицы',49663, 7, 2),
(N'Можайск',49638, 7, 2),
(N'Наро-Фоминск',49634, 7, 2),
(N'Ногинск',49651, 7, 2),
(N'Озеры',49670, 7, 2),
(N'Орехово-Зуево',4964, 7, 2),
(N'Павловский Посад',49643, 7, 2),
(N'ТОО "ЧТК"',49652, 7, 2),
(N'Подольск',49675, 7, 2),
(N'Пушкино',49653, 7, 2),
(N'Раменское',49646, 7, 2),
(N'Руза',49627, 7, 2),
(N'Серебряные Пруды',49667, 7, 2),
(N'Серпухов',49673, 7, 2),
(N'Сергиев Посад',49654, 7, 2),
(N'Солнечногорск',49626, 7, 2),
(N'Ступино',49664, 7, 2),
(N'Талдом',49620, 7, 2),
(N'Троицк',4967, 7, 2),
(N'Шатура',49645, 7, 2),
(N'Шаховская',49637, 7, 2),
(N'Щелково',49656, 7, 2),
(N'Чехов',49672, 7, 2),
(N'Электросталь',09657, 7, 2),
(N'МУРМАНСК',8152, 7, 2),
(N'Апатиты',81555, 7, 2),
(N'Заполярный',81554, 7, 2),
(N'Заозерск',81556, 7, 2),
(N'Кандалакша',81533, 7, 2),
(N'Кировск',81531, 7, 2),
(N'Ковдор',81535, 7, 2),
(N'Кола',81553, 7, 2),
(N'Ловозеро',81538, 7, 2),
(N'Мончегорск',81536, 7, 2),
(N'Никель',81554, 7, 2),
(N'Оленегорск', 815522, 7, 2),
(N'Североморск',81537, 7, 2),
(N'Скалистый',81530, 7, 2),
(N'Снежногорск',81530, 7, 2),
(N'Полярный',815512, 7, 2),
(N'Полярные Зори',81532, 7, 2),
(N'Умба',81559, 7, 2),
(N'НАБ. ЧЕЛНЫ',8552, 7, 2),
(N'Агрыз',85551, 7, 2),
(N'Азнакаево',85511, 7, 2),
(N'Актаныш',85552, 7, 2),
(N'Альметьевск',8553, 7, 2),
(N'Бавлы',85519, 7, 2),
(N'Бугульма',85514, 7, 2),
(N'Елабуга',85557, 7, 2),
(N'Лениногорск',85515, 7, 2),
(N'Заинск',85558, 7, 2),
(N'Мамадыш',85563, 7, 2),
(N'Менделеевск',85549, 7, 2),
(N'Мензелинск',85555, 7, 2),
(N'Муслюмово',85556, 7, 2),
(N'Нижнекамск',8555, 7, 2),
(N'Сарманово',85559, 7, 2),
(N'Уруссу',85510, 7, 2),
(N'НИЖ. НОВГОРОД',8312, 7, 2),
(N'Ардатов',83179, 7, 2),
(N'Арзамас',83147, 7, 2),
(N'Балахна',83144, 7, 2),
(N'Богородск',83170, 7, 2),
(N'Большое Болдино',83138, 7, 2),
(N'Большое Мурашкино',83167, 7, 2),
(N'Бор',83159, 7, 2),
(N'Бутурлино',83172, 7, 2),
(N'Вад',83141, 7, 2),
(N'Вача',83173, 7, 2),
(N'Ветлуга',83150, 7, 2),
(N'Вознесенское',83178, 7, 2),
(N'Воскресенское',83163, 7, 2),
(N'Выкса',83177, 7, 2),
(N'Гагино',83195, 7, 2),
(N'Городец',83161, 7, 2),
(N'Дальнее Константиново',83168, 7, 2),
(N'Дзержинск',8313, 7, 2),
(N'Дивеево',83143, 7, 2),
(N'Ковернино',83157, 7, 2),
(N'Кстово',83145, 7, 2),
(N'Кулебаки',83176, 7, 2),
(N'Лукоянов',83196, 7, 2),
(N'Лысково',83149, 7, 2),
(N'Навашино',83175, 7, 2),
(N'Павлово',83171, 7, 2),
(N'Первомайск',83146, 7, 2),
(N'Перевоз',83148, 7, 2),
(N'Пильна',83192, 7, 2),
(N'Починки',83197, 7, 2),
(N'Саров',83130, 7, 2),
(N'Семенов',83162, 7, 2),
(N'Сергач',83191, 7, 2),
(N'Сеченово',83193, 7, 2),
(N'Сосновское',83174, 7, 2),
(N'Спасское',83165, 7, 2),
(N'Тонкино',83153, 7, 2),
(N'Уразовка',83194, 7, 2),
(N'Урень',83154, 7, 2),
(N'Чкаловск',83160, 7, 2),
(N'Шаранга',83155, 7, 2),
(N'Шатки',83142, 7, 2),
(N'Шахунья',83152, 7, 2),
(N'ВЕЛИКИЙ НОВГОРОД',81622, 7, 2),
(N'Батецкий',81661, 7, 2),
(N'Боровичи',81664, 7, 2),
(N'Валдай',81666, 7, 2),
(N'Волот',81662, 7, 2),
(N'Демянск',81651, 7, 2),
(N'Крестцы',81659, 7, 2),
(N'Любытино',81668, 7, 2),
(N'Малая Вишера',81660, 7, 2),
(N'Марево',81663, 7, 2),
(N'Мошенское',81653, 7, 2),
(N'Окуловка',81657, 7, 2),
(N'Парфино',81650, 7, 2)

insert into [slugDtB].[dbo].[Cities](Title, CitiesCode, CountryCode, Language)
values
(N'Пестово',81669, 7, 2),
(N'Поддорье',81658, 7, 2),
(N'Сольцы',81655, 7, 2),
(N'Старая Русса',81652, 7, 2),
(N'Шимск',81656, 7, 2),
(N'Хвойная',81667, 7, 2),
(N'Холм',81654, 7, 2),
(N'Чудово',81665, 7, 2),
(N'НОВОРОССИЙСК',86117, 7, 2),
(N'НОВОСИБИРСК',3832, 7, 2),
(N'Баган',38353, 7, 2),
(N'Барабинск',383612, 7, 2),
(N'Бердск',38341, 7, 2),
(N'Болотное',38349, 7, 2),
(N'Венгерово',38369, 7, 2),
(N'Здвинск',38363, 7, 2),
(N'Искитим',38343, 7, 2),
(N'Карасук',38355, 7, 2),
(N'Каргат',38365, 7, 2),
(N'Колывань',38352, 7, 2),
(N'Коченево',38351, 7, 2),
(N'Кочки',38356, 7, 2),
(N'Краснозерское',38357, 7, 2),
(N'Куйбышев',38362, 7, 2),
(N'Купино',38358, 7, 2),
(N'Кыштовка',38371, 7, 2),
(N'Маслянино',38347, 7, 2),
(N'Мошково',38348, 7, 2),
(N'Обь',38373, 7, 2),
(N'Ордынское',38359, 7, 2),
(N'Северное',38360, 7, 2),
(N'Сузун',38346, 7, 2),
(N'Татарск',38364, 7, 2),
(N'Тогучин',38340, 7, 2),
(N'Убинское',38366, 7, 2),
(N'Усть-Тарка',38372, 7, 2),
(N'Чаны',38367, 7, 2),
(N'Черепаново',38345, 7, 2),
(N'Чистоозерное',38368, 7, 2),
(N'Чулым',38350, 7, 2),
(N'ОМСК',3812, 7, 2),
(N'Большеречье',38169, 7, 2),
(N'Знаменское',38179, 7, 2),
(N'Исилькуль',38173, 7, 2),
(N'Калачинск',38155, 7, 2),
(N'Колосовка',38160, 7, 2),
(N'Кормиловка',38170, 7, 2),
(N'Крутинка',38167, 7, 2),
(N'Любинский',38175, 7, 2),
(N'Марьяновка',38168, 7, 2),
(N'Москаленки',38174, 7, 2),
(N'Муромцево',38158, 7, 2),
(N'Называевск',38161, 7, 2),
(N'Нововаршавка',38152, 7, 2),
(N'Одесское',38159, 7, 2),
(N'Оконешниково',38166, 7, 2),
(N'Павлоградка',38172, 7, 2),
(N'Полтавка',38163, 7, 2),
(N'Русская Поляна',38156, 7, 2),
(N'Саргатское',38178, 7, 2),
(N'Седельниково',38164, 7, 2),
(N'Таврическое',38151, 7, 2),
(N'Тара',38171, 7, 2),
(N'Тевриз',38154, 7, 2),
(N'Тюкалинск',38176, 7, 2),
(N'Усть-Ишим',38150, 7, 2),
(N'Черлак',38153, 7, 2),
(N'Щербакуль',38177, 7, 2),
(N'ОРЕЛ', 08622, 7, 2),
(N'Болхов',08640, 7, 2),
(N'Верховье',08676, 7, 2),
(N'Глазуновка',08675, 7, 2),
(N'Дмитровск-Орловск',08649, 7, 2),
(N'Залегощь',08648, 7, 2),
(N'Знаменка',08662, 7, 2),
(N'Колпны',08674, 7, 2),
(N'Кромы',08643, 7, 2),
(N'Ливны',08677, 7, 2),
(N'Малоархангельск',08679, 7, 2),
(N'Мценск',08646, 7, 2),
(N'Нарышкино',08647, 7, 2),
(N'Покровское',08664, 7, 2),
(N'Тросно',08666, 7, 2),
(N'ОРЕНБУРГ',3532, 7, 2),
(N'Адамовка',35365, 7, 2),
(N'Акбулак',35335, 7, 2),
(N'Александровка',35359, 7, 2),
(N'Асекеево',35351, 7, 2),
(N'Бугуруслан',35352, 7, 2),
(N'Бузулук',35342, 7, 2),
(N'Гай',35362, 7, 2),
(N'Грачевка',35344, 7, 2),
(N'Илек',35337, 7, 2),
(N'Кувандык',35361, 7, 2),
(N'Курманаевка',35341, 7, 2),
(N'Орск',35372, 7, 2),
(N'Первомайский',35348, 7, 2),
(N'Саракташ',35333, 7, 2),
(N'Северное',35354, 7, 2),
(N'Соль-Илецк',35336, 7, 2),
(N'Сорочинск',35346, 7, 2),
(N'Тоцкое',35349, 7, 2),
(N'Тюльган',35332, 7, 2),
(N'Шарлык',35358, 7, 2),
(N'Ясный',35368, 7, 2),
(N'ПАВЛОДАР',3182, 7, 2),
(N'ПЕНЗА',8412, 7, 2),
(N'Башмаково',84143, 7, 2),
(N'Беднодемьяновск',84151, 7, 2),
(N'Белинский',84153, 7, 2),
(N'Бессоновка',84140, 7, 2),
(N'Городище',84158, 7, 2),
(N'Исса',84144, 7, 2),
(N'Земетчино',84155, 7, 2),
(N'Каменка',84156, 7, 2),
(N'Колышлей',84146, 7, 2),
(N'Кузнецк',84157, 7, 2),
(N'Лопатино',84148, 7, 2),
(N'Лунино',84161, 7, 2),
(N'Малая Сердоба',84162, 7, 2),
(N'Мокшан',84150, 7, 2),
(N'Наровчат',84163, 7, 2),
(N'Никольск',84165, 7, 2),
(N'Пачелма',84152, 7, 2),
(N'Русский Камешкир',84145, 7, 2),
(N'Сердобск',84167, 7, 2),
(N'Сосновоборск',84168, 7, 2),
(N'Тамала',84169, 7, 2),
(N'Шемышейка',84159, 7, 2),
(N'ПЕРМЬ',3422, 7, 2),
(N'Александровск',34247, 7, 2),
(N'Барда',34292, 7, 2),
(N'Березники',34242, 7, 2),
(N'Березовка',34251, 7, 2),
(N'Большая Соснова',34257, 7, 2),
(N'Верещагино',34254, 7, 2),
(N'Горнозаводск',34269, 7, 2),
(N'Гремячинск',34250, 7, 2),
(N'Губаха',34248, 7, 2),
(N'Добрянка',34265, 7, 2),
(N'Елово',34296, 7, 2),
(N'Звездный',342633, 7, 2),
(N'Ильинский',34276, 7, 2),
(N'Карагай',34297, 7, 2),
(N'Кизел',34255, 7, 2),
(N'Краснокамск',34273, 7, 2),
(N'Кудымкар',34260, 7, 2),
(N'Куеда',34262, 7, 2),
(N'Кунгур',34271, 7, 2),
(N'Лысьва',34249, 7, 2),
(N'Нытва',34272, 7, 2),
(N'Октябрьский',34266, 7, 2),
(N'Орда',34258, 7, 2),
(N'Оса',34291, 7, 2),
(N'Оханск',34279, 7, 2),
(N'Очер',34278, 7, 2),
(N'Сива',34277, 7, 2),
(N'Соликамск',34253, 7, 2),
(N'Суксун',34275, 7, 2),
(N'Уинское',34259, 7, 2),
(N'Усолье',34244, 7, 2),
(N'Чайковский',34241, 7, 2),
(N'Частые',34268, 7, 2),
(N'Чернушка',34261, 7, 2),
(N'Чердынь',34240, 7, 2),
(N'Чусовой',34256, 7, 2),
(N'ПЕТРОЗАВОДСК',8142, 7, 2),
(N'Беломорск',81437, 7, 2),
(N'Калевала',81454, 7, 2),
(N'Кемь',81458, 7, 2),
(N'Кондопога',81451, 7, 2),
(N'Костомукша',81459, 7, 2),
(N'Лахденпохья',81450, 7, 2),
(N'Лоухи',81439, 7, 2),
(N'Медвежьегорск',81434, 7, 2),
(N'Муезерский',81455, 7, 2),
(N'Олонец',81436, 7, 2),
(N'Питкяранта',81433, 7, 2),
(N'Пряжа',81456, 7, 2),
(N'Пудож',81452, 7, 2),
(N'Сегежа',81431, 7, 2),
(N'Сортавала',81430, 7, 2),
(N'Суоярви',81457, 7, 2),
(N'ПСКОВ', 81122, 7, 2),
(N'Бежаницы',81141, 7, 2),
(N'Великие Луки',81153, 7, 2),
(N'Гдов',81131, 7, 2),
(N'Дедовичи',81136, 7, 2),
(N'Дно',81135, 7, 2),
(N'Красногородское',81137, 7, 2),
(N'Кунья',81149, 7, 2),
(N'Локня',81139, 7, 2),
(N'Невель',81151, 7, 2),
(N'Новоржев',81143, 7, 2),
(N'Новосокольники',81144, 7, 2),
(N'Опочка',81138, 7, 2),
(N'Остров',81152, 7, 2),
(N'Палкино',81145, 7, 2),
(N'Печоры',81148, 7, 2),
(N'Плюсса',81133, 7, 2),
(N'Порхов',81134, 7, 2),
(N'Пустошка',81142, 7, 2),
(N'Пушкинские Горы',81146, 7, 2),
(N'Пыталово',81147, 7, 2),
(N'Себеж',81140, 7, 2),
(N'Струги Красные',81132, 7, 2),
(N'Усвяты',81150, 7, 2),
(N'РОСТОВ-НА-ДОНУ',8632, 7, 2),
(N'Азов',86342, 7, 2),
(N'Аксай',86350, 7, 2),
(N'Багаевский',86357, 7, 2),
(N'Батайск',86354, 7, 2),
(N'Белая Калитва',86313, 7, 2),
(N'Боковская',86312, 7, 2),
(N'Большая Мартыновка',86395, 7, 2),
(N'Веселый',86358, 7, 2),
(N'Вешенская',86311, 7, 2),
(N'Волгодонск',86392, 7, 2),
(N'Донецк',86368, 7, 2),
(N'Дубовское',86377, 7, 2),
(N'Егорлыкская',86370, 7, 2),
(N'Заветное',86378, 7, 2),
(N'Зерноград',86359, 7, 2),
(N'Зимовники',86376, 7, 2),
(N'Кагальницкая',86345, 7, 2),
(N'Каменск-Шахтинский',86365, 7, 2),
(N'Константиновск',86393, 7, 2),
(N'Куйбышево',86348, 7, 2),
(N'Матвеев Курган',86341, 7, 2),
(N'Миллерово',86315, 7, 2),
(N'Милютинская',86319, 7, 2),
(N'Морозовск',86314, 7, 2),
(N'Новочеркасск',86352, 7, 2),
(N'Новошахтинск',86369, 7, 2),
(N'Орловский',86375, 7, 2),
(N'Обливская',86396, 7, 2),
(N'Покровское',86347, 7, 2),
(N'Ремонтное',86379, 7, 2),
(N'Родионово-Несветайская &nbsp;',86340, 7, 2),
(N'Романовская',86394, 7, 2),
(N'Сальск',86372, 7, 2),
(N'Семикаракорск',86356, 7, 2),
(N'Таганрог',86344, 7, 2),
(N'Тарасовский',86316, 7, 2),
(N'Усть-Донецкий',86351, 7, 2),
(N'Цимлянск',86391, 7, 2),
(N'Чалтырь',86349, 7, 2),
(N'Чертково',86317, 7, 2),
(N'Шахты',86362, 7, 2),
(N'РЯЗАНЬ',0912, 7, 2),
(N'Ермишь',09144, 7, 2),
(N'Кадом',09139, 7, 2),
(N'Касимов',09131, 7, 2),
(N'Кораблино',09143, 7, 2),
(N'Милославское',09157, 7, 2),
(N'Михайлов',09130, 7, 2),
(N'Новомичуринск',09141, 7, 2),
(N'Пителино',09145, 7, 2),
(N'Путятино',09146, 7, 2),
(N'Рыбное',09137, 7, 2),
(N'Ряжск',09132, 7, 2),
(N'Сапожок',09152, 7, 2),
(N'Сасово',09133, 7, 2),
(N'Скопин',09156, 7, 2),
(N'Солотча',09134, 7, 2),
(N'Спас-Клепики',09142, 7, 2),
(N'Спасск-Рязанский',09135, 7, 2),
(N'Старожилово',09151, 7, 2),
(N'Ухолово',09154, 7, 2),
(N'Чучково',09138, 7, 2),
(N'Шацк',09147, 7, 2),
(N'Шилово',09136, 7, 2),
(N'САМАРА',8462, 7, 2),
(N'Алексеевка',84671, 7, 2),
(N'Безенчук',84676, 7, 2),
(N'Большая Глушица',84673, 7, 2),
(N'Большая Черниговка',84672, 7, 2),
(N'Жигулевск',84662, 7, 2),
(N'Кинель',84663, 7, 2),
(N'Клявлино',84653, 7, 2),
(N'Кошки',84650, 7, 2),
(N'Красный Яр',84657, 7, 2),
(N'Нефтегорск',84670, 7, 2),
(N'Новокуйбышевск',84635, 7, 2),
(N'Отрадный',84661, 7, 2),
(N'Похвистнево',84656, 7, 2),
(N'Сергиевск',84655, 7, 2),
(N'Тольятти',8482, 7, 2),
(N'Чапаевск',84639, 7, 2),
(N'Челно-Вершины',84651, 7, 2),
(N'Шентала',84652, 7, 2),
(N'Шигоны',84648, 7, 2),
(N'САНКТ-ПЕТЕРБУРГ',812, 7, 2),
(N'Выборг',81278, 7, 2),
(N'Гатчина',81271, 7, 2),
(N'Кингисепп',81275, 7, 2),
(N'Кириши',81268, 7, 2),
(N'Луга',81272, 7, 2),
(N'Пикалево',81266, 7, 2),
(N'Приозерск',81279, 7, 2),
(N'Сланцы',812274, 7, 2),
(N'САРАНСК', 83422, 7, 2),
(N'Ардатов',83431, 7, 2),
(N'Атюрьево',83454, 7, 2),
(N'Атяшево',83434, 7, 2),
(N'Большие Березники',83436, 7, 2),
(N'Большое Игнатово',83442, 7, 2),
(N'Дубенки',83447, 7, 2),
(N'Ельники',83444, 7, 2),
(N'Зубова Поляна',83458, 7, 2),
(N'Инсар',83449, 7, 2),
(N'Кадошкино',83448, 7, 2),
(N'Кемля',83433, 7, 2),
(N'Ковылкино',83453, 7, 2),
(N'Кочкурово',83439, 7, 2),
(N'Краснослободск',83443, 7, 2),
(N'Лямбирь',83441, 7, 2),
(N'Ромоданово',83438, 7, 2),
(N'Рузаевка',83451, 7, 2),
(N'Старое Шайгово',83432, 7, 2),
(N'Теньгушево',83446, 7, 2),
(N'Темников',83445, 7, 2),
(N'Торбеево',83456, 7, 2),
(N'Чамзинка',83437, 7, 2),
(N'Явас',83457, 7, 2),
(N'САРАТОВ',8452, 7, 2),
(N'Аркадак',84542, 7, 2),
(N'Аткарск',84552, 7, 2),
(N'Балаково',84570, 7, 2),
(N'Балашов',84545, 7, 2),
(N'Балтай',84592, 7, 2),
(N'Вольск',84593, 7, 2),
(N'Горный',84577, 7, 2),
(N'Дергачи',84563, 7, 2),
(N'Духовницкое',84573, 7, 2),
(N'Ершов',84564, 7, 2),
(N'Ивантеевка',84579, 7, 2),
(N'Калининск',84549, 7, 2),
(N'Красноармейск',84550, 7, 2),
(N'Красный Кут',84560, 7, 2),
(N'Лысые Горы',84551, 7, 2),
(N'Маркс',84567, 7, 2),
(N'Мокроус',84565, 7, 2),
(N'Новоузенск',84562, 7, 2),
(N'Новые Бурасы',84557, 7, 2),
(N'Озинки',84576, 7, 2),
(N'Перелюб',84575, 7, 2),
(N'Петровск',84555, 7, 2),
(N'Пугачев',84574, 7, 2),
(N'Романовка',84544, 7, 2),
(N'Ртищево',84540, 7, 2),
(N'Самойловка',84548, 7, 2),
(N'Степное',84566, 7, 2),
(N'Татищево',84558, 7, 2),
(N'Хвалынск',84595, 7, 2),
(N'СМОЛЕНСК', 08122, 7, 2),
(N'Велиж',08132, 7, 2),
(N'Вязьма',08131, 7, 2),
(N'Гагарин',08135, 7, 2),
(N'Глинка',08165, 7, 2),
(N'Демидов',08147, 7, 2),
(N'Десногорск',08153, 7, 2),
(N'Дорогобуж',08144, 7, 2),
(N'Духовщина',08166, 7, 2),
(N'Ельня',08146, 7, 2),
(N'Ершичи',08155, 7, 2),
(N'Кардымово',08167, 7, 2),
(N'Красный',08145, 7, 2),
(N'Монастырщина',08148, 7, 2),
(N'Новодугино',08138, 7, 2),
(N'Починок',08149, 7, 2),
(N'Рославль',08134, 7, 2),
(N'Рудня',08141, 7, 2),
(N'Сафоново',08142, 7, 2),
(N'Сычевка',08130, 7, 2),
(N'Темкино',08136, 7, 2),
(N'Угра',08137, 7, 2),
(N'Хиславичи',08140, 7, 2),
(N'Холм-Жирковский',08139, 7, 2),
(N'Шумячи',08133, 7, 2),
(N'Ярцево',08143, 7, 2),
(N'СОЧИ',8622, 7, 2),
(N'СТАВРОПОЛЬ',8652, 7, 2),
(N'Александровское',86557, 7, 2),
(N'Благодарный',86549, 7, 2),
(N'Ессентуки',87934, 7, 2),
(N'Изобильный',86545, 7, 2),
(N'Ипатово',86542, 7, 2),
(N'Кисловодск',87937, 7, 2),
(N'Кочубеевское',86550, 7, 2),
(N'Красногвардейское',86541, 7, 2),
(N'Курсавка',86556, 7, 2),
(N'Минеральные Воды',879, 7, 2),
(N'Невинномысск',86554, 7, 2),
(N'Новоалександровск',86544, 7, 2),
(N'Новоселицкое',86548, 7, 2),
(N'Пятигорск',87933, 7, 2),
(N'СУРГУТ',3462, 7, 2),
(N'Березово',34674, 7, 2),
(N'СЫКТЫВКАР',8212, 7, 2),
(N'Айкино',82134, 7, 2),
(N'Визинга',82131, 7, 2),
(N'Воркута',82151, 7, 2),
(N'Вуктыл',82146, 7, 2),
(N'Емва',82139, 7, 2),
(N'Ижма',82140, 7, 2),
(N'Инта',82145, 7, 2),
(N'Койгородок',82132, 7, 2),
(N'Корткерос',82136, 7, 2),
(N'Объячево',82133, 7, 2),
(N'Печора',82142, 7, 2),
(N'Сосногорск',82149, 7, 2),
(N'Троицко-Печорск',82138, 7, 2),
(N'Усинск',82144, 7, 2),
(N'Усогорск',82135, 7, 2),
(N'Усть-Кулом',82137, 7, 2),
(N'Усть-Цильма',82141, 7, 2),
(N'Ухта',82147, 7, 2),
(N'ТАМБОВ',0752, 7, 2),
(N'Бондари',07534, 7, 2),
(N'Гавриловка-2-я',07551, 7, 2),
(N'Дмитриевка',07536, 7, 2),
(N'Жердевка',07535, 7, 2),
(N'Знаменка',07552, 7, 2),
(N'Инжавино',07553, 7, 2),
(N'Кирсанов',07537, 7, 2),
(N'Котовск',07541, 7, 2),
(N'Мичуринск',07545, 7, 2),
(N'Мордово',07542, 7, 2),
(N'Моршанск',07533, 7, 2),
(N'Мучкапский',07546, 7, 2),
(N'Первомайский',07548, 7, 2),
(N'Петровское',07544, 7, 2),
(N'Пичаево',07554, 7, 2),
(N'Рассказово',07531, 7, 2),
(N'Ржакса',07555, 7, 2),
(N'Сатинка',07556, 7, 2),
(N'Сосновка',07532, 7, 2),
(N'Староюрьево',07543, 7, 2),
(N'Токаревка',07557, 7, 2),
(N'Уварово',07558, 7, 2),
(N'Умет',07559, 7, 2),
(N'ТВЕРЬ', 08222, 7, 2),
(N'Андреаполь',08267, 7, 2),
(N'Бежецк',08231, 7, 2),
(N'Белый',082502, 7, 2),
(N'Бологое',08238, 7, 2),
(N'Вышний Волочек',08233, 7, 2),
(N'Западная Двина',08265, 7, 2),
(N'Зубцов',08262, 7, 2),
(N'Калязин',08249, 7, 2),
(N'Кашин',08234, 7, 2),
(N'Кимры',08236, 7, 2),
(N'Конаково',08242, 7, 2),
(N'Кувшиново',08257, 7, 2),
(N'Лесное',08271, 7, 2),
(N'Лихославль',08261, 7, 2),
(N'Максатиха',08253, 7, 2),
(N'Нелидово',08266, 7, 2),
(N'Оленино',08258, 7, 2),
(N'Осташков',08235, 7, 2),
(N'Старица',0826300, 7, 2),
(N'Ржев',08232, 7, 2),
(N'Торжок',08251, 7, 2),
(N'Торопец',08268, 7, 2),
(N'Удомля',08255, 7, 2),
(N'ТОМСК',3822, 7, 2),
(N'Александровское',38255, 7, 2),
(N'Асино',38241, 7, 2),
(N'Каргасок',38253, 7, 2),
(N'Кожевниково',38244, 7, 2),
(N'Колпашево',38254, 7, 2),
(N'Мельниково',38247, 7, 2),
(N'Парабель',38252, 7, 2),
(N'Первомайское',38245, 7, 2),
(N'Стрежевой',38259, 7, 2),
(N'Тегульдет',38246, 7, 2),
(N'ТУЛА',4872, 7, 2),
(N'Алексин',48753, 7, 2),
(N'Арсеньево',48733, 7, 2),
(N'Архангельское',48744, 7, 2),
(N'Белев',48742, 7, 2),
(N'Богородицк',48761, 7, 2),
(N'Венев',48745, 7, 2),
(N'Волово',48768, 7, 2),
(N'Донской',48746, 7, 2),
(N'Дубна',48732, 7, 2),
(N'Ефремов',48741, 7, 2),
(N'Заокский',48734, 7, 2),
(N'Кимовск',48735, 7, 2),
(N'Киреевск',48754, 7, 2),
(N'Куркино',48743, 7, 2),
(N'Ленинский',48767, 7, 2),
(N'Новомосковск',48762, 7, 2),
(N'Одоев',48736, 7, 2),
(N'Плавск',48752, 7, 2),
(N'Суворов',48763, 7, 2),
(N'Теплое',48755, 7, 2),
(N'Узловая',48731, 7, 2),
(N'Чернь',48756, 7, 2),
(N'Щекино',48751, 7, 2),
(N'Ясногорск',48766, 7, 2),
(N'ТЮМЕНЬ',3452, 7, 2),
(N'Абатский',3455622, 7, 2),
(N'Армизонское',34547, 7, 2),
(N'Аромашево',34545, 7, 2),
(N'Бердюжье',34554, 7, 2),
(N'Большое Сорокино',34550, 7, 2),
(N'Викулово',34557, 7, 2),
(N'Голышманово',34546, 7, 2),
(N'Губкинский',34536, 7, 2),
(N'Заводоуковск',34542, 7, 2),
(N'Исетское',34537, 7, 2),
(N'Ишим',34551, 7, 2),
(N'Казанское',34553, 7, 2),
(N'Мужи',34594, 7, 2),
(N'Муравленко',34538, 7, 2),
(N'Надым',34995, 7, 2),
(N'Нижняя Тавда',34533, 7, 2),
(N'Ноябрьск',34564, 7, 2),
(N'Новый Уренгой',34549, 7, 2),
(N'Омутинский',34544, 7, 2),
(N'Салехард',34591, 7, 2),
(N'Сладково',34555, 7, 2),
(N'Тазовский',34540, 7, 2),
(N'Тарко-Сале',34597, 7, 2),
(N'Тобольск',34511, 7, 2),
(N'Уват',34516, 7, 2),
(N'Упорово',34541, 7, 2),
(N'Ялуторовск',34535, 7, 2),
(N'Ярково',34531, 7, 2),
(N'УЛАН-УДЭ',30122, 7, 2),
(N'Гусиноозерск',30145, 7, 2),
(N'Северобайкальск',30139, 7, 2),
(N'Хоринск',30148, 7, 2),
(N'УЛЬЯНОВСК',8422, 7, 2),
(N'Барыш',84253, 7, 2),
(N'Большое Нагаткино',84245, 7, 2),
(N'Вешкайма',84243, 7, 2),
(N'Димитровград',84235, 7, 2),
(N'Инза',84241, 7, 2),
(N'Ишеевка',84254, 7, 2),
(N'Карсун',84246, 7, 2),
(N'Кузоватово',84237, 7, 2),
(N'Майна',84244, 7, 2),
(N'Николаевка',84247, 7, 2),
(N'Новая Малыкла',84232, 7, 2),
(N'Новоспасское',84238, 7, 2),
(N'Новоульяновск',84255, 7, 2),
(N'Радищево',84239, 7, 2),
(N'Старая Кулатка',84249, 7, 2),
(N'Старая Майна',84230, 7, 2),
(N'Сурское',84242, 7, 2),
(N'Тереньга',84234, 7, 2),
(N'Чердаклы',84231, 7, 2),
(N'УФА',3472, 7, 2),
(N'Архангельское',34774, 7, 2),
(N'Аскарово',34772, 7, 2),
(N'Аскино',34771, 7, 2),
(N'Баймак',34751, 7, 2),
(N'Бакалы',34742, 7, 2),
(N'Белебей',34716, 7, 2),
(N'Белорецк',34792, 7, 2),
(N'Бижбуляк',34743, 7, 2),
(N'Бирск',34714, 7, 2),
(N'Благовещенск',34766, 7, 2),
(N'Большеустьикинское',34770, 7, 2),
(N'Буздяк',34773, 7, 2),
(N'Бураево',34756, 7, 2),
(N'Верхнеяркеево',34762, 7, 2),
(N'Верхние Киги',34748, 7, 2),
(N'Давлеканово',34768, 7, 2),
(N'Дюртюли',34717, 7, 2),
(N'Ермекеево',34741, 7, 2),
(N'Ермолаево',34757, 7, 2),
(N'Зилаир',34752, 7, 2),
(N'Иглино',34795, 7, 2),
(N'Исянгулово',34715, 7, 2),
(N'Ишимбай',34794, 7, 2),
(N'Калтасы',34779, 7, 2),
(N'Караидель',34744, 7, 2),
(N'Кармаскалы',34765, 7, 2),
(N'Киргиз-Мияки',34718, 7, 2),
(N'Красная Горка',34776, 7, 2),
(N'Красноусольский',34740, 7, 2),
(N'Кумертау',34761, 7, 2),
(N'Кушнаренково',34710, 7, 2),
(N'Малояз',34777, 7, 2),
(N'Мелеуз',34764, 7, 2),
(N'Месягутово',34798, 7, 2),
(N'Мишкино',34749, 7, 2),
(N'Мраково',34719, 7, 2),
(N'Нефтекамск',34713, 7, 2),
(N'Николо-Березовка',34759, 7, 2),
(N'Новобелокатай',34750, 7, 2),
(N'Октябрьский',34767, 7, 2),
(N'Раевский',34754, 7, 2),
(N'Салават',34763, 7, 2),
(N'Сибай',34775, 7, 2),
(N'Стерлибашево',34793, 7, 2),
(N'Стерлитамак',3473, 7, 2),
(N'Толбазы',34745, 7, 2),
(N'Туймазы',34712, 7, 2),
(N'Учалы',34791, 7, 2),
(N'Федоровка',34746, 7, 2),
(N'Чекмагуш',34796, 7, 2),
(N'Чишмы',34797, 7, 2),
(N'Шаран',34769, 7, 2),
(N'Языково',34747, 7, 2),
(N'Янаул',34760, 7, 2),
(N'ХАБАРОВСК',4212, 7, 2),
(N'Вяземский',42153, 7, 2),
(N'Советская Гавань',42138, 7, 2),
(N'Солнечный',42146, 7, 2),
(N'Троицкое',42156, 7, 2),
(N'ЧЕБОКСАРЫ',8352, 7, 2),
(N'Алатырь',83531, 7, 2),
(N'Аликово',83535, 7, 2),
(N'Батырево',83532, 7, 2),
(N'Вурнары',83537, 7, 2),
(N'Ибреси',83538, 7, 2),
(N'Канаш',83533, 7, 2),
(N'Козловка',83534, 7, 2),
(N'Комсомольское',83539, 7, 2),
(N'Красноармейское',83530, 7, 2),
(N'Красные Четаи',83551, 7, 2),
(N'Кугеси',83540, 7, 2),
(N'Мариинский Посад',83542, 7, 2),
(N'Моргауши',83541, 7, 2),
(N'Порецкое',83543, 7, 2),
(N'Урмары',83544, 7, 2),
(N'Цивильск',83545, 7, 2),
(N'Шемурша',83546, 7, 2),
(N'Шумерля',83536, 7, 2),
(N'Яльчики',83549, 7, 2),
(N'Янтиково',83548, 7, 2),
(N'ЧЕЛЯБИНСК',3512, 7, 2),
(N'Агаповка',35140, 7, 2),
(N'Аргаяш',35132, 7, 2),
(N'Аша',35159, 7, 2),
(N'Бреды',35141, 7, 2),
(N'Варна',35142, 7, 2),
(N'Верхний Уфалей',35164, 7, 2),
(N'Верхнеуральск',35143, 7, 2),
(N'Долгодеревенское',35144, 7, 2),
(N'Еманжелинск',35138, 7, 2),
(N'Еткуль',35145, 7, 2),
(N'Златоуст',35136, 7, 2),
(N'Карталы',35133, 7, 2),
(N'Касли',35149, 7, 2),
(N'Катав-Ивановск',35147, 7, 2),
(N'Кизильское',35155, 7, 2),
(N'Копейск',35139, 7, 2),
(N'Коркино',35152, 7, 2),
(N'Кунашак',35148, 7, 2),
(N'Куса',35154, 7, 2),
(N'Кыштым',35151, 7, 2),
(N'Магнитогорск',3511, 7, 2),
(N'Миасс',35135, 7, 2),
(N'Миасское',35150, 7, 2),
(N'Нязепетровск',35156, 7, 2),
(N'Озерск',35171, 7, 2),
(N'Октябрьское',35158, 7, 2),
(N'Пласт',35160, 7, 2),
(N'Сатка',35161, 7, 2),
(N'Снежинск',35172, 7, 2),
(N'Солнечная Долина',35146, 7, 2),
(N'Троицк',35163, 7, 2),
(N'Увельский',35166, 7, 2),
(N'Усть-Катав',35167, 7, 2),
(N'Фершампенуаз',35157, 7, 2),
(N'Чебаркуль',35168, 7, 2),
(N'Чесма',35169, 7, 2),
(N'Южноуральск',35134, 7, 2),
(N'ЧЕРЕПОВЕЦ',8202, 7, 2),
(N'ЧЕРКЕССК',87822, 7, 2),
(N'ЧИТА',3022, 7, 2),
(N'Балей',30232, 7, 2),
(N'Дульдурга',30256, 7, 2),
(N'Карымская',30234, 7, 2),
(N'Красный Чикой',30230, 7, 2),
(N'Нерчинск',30242, 7, 2),
(N'Петровск-Забайкальск',30236, 7, 2),
(N'Улеты',30238, 7, 2),
(N'Шелопугино',30266, 7, 2),
(N'Шилка',30244, 7, 2),
(N'ЯКУТСК',4112, 7, 2),
(N'Алдан',41145, 7, 2),
(N'Амга',41142, 7, 2),
(N'Бердигестях',41131, 7, 2),
(N'Верхневилюйск',41133, 7, 2),
(N'Вилюйск',41132, 7, 2),
(N'Ленск',41137, 7, 2),
(N'Майя',41143, 7, 2),
(N'Мирный',41136, 7, 2),
(N'Нерюнгри',41147, 7, 2),
(N'Нюрба',41134, 7, 2),
(N'Олекминск',41138, 7, 2),
(N'Покровск',41144, 7, 2),
(N'Сангар',41163, 7, 2),
(N'Сунтар',41135, 7, 2),
(N'Тикси',41167, 7, 2),
(N'Усть-Мая',41141, 7, 2),
(N'Хандыга',41153, 7, 2),
(N'ЯРОСЛАВЛЬ',0852, 7, 2),
(N'Большое Село',08542, 7, 2),
(N'Борисоглебский',08539, 7, 2),
(N'Брейтово',08545, 7, 2),
(N'Гаврилов Ям',08534, 7, 2),
(N'Данилов',08538, 7, 2),
(N'Любим',08543, 7, 2),
(N'Мышкин',08544, 7, 2),
(N'Некрасовское',08531, 7, 2),
(N'Новый Некоуз',08547, 7, 2),
(N'Переславль-Залесский',08535, 7, 2),
(N'Пречистое',08549, 7, 2),
(N'Пошехонье',08546, 7, 2),
(N'Ростов',08536, 7, 2),
(N'Рыбинск',0855, 7, 2),
(N'Тутаев',08533, 7, 2),
(N'Углич',08532, 7, 2)